# Created by Octave 5.1.0, Thu Jan 09 11:43:47 2020 GMT <unknown@DESKTOP-H5IEK5P>
# name: bupa_v2
# type: matrix
# rows: 345
# columns: 7
 0.84999999999999998 0.92000000000000004 0.45000000000000001 0.27000000000000002 0.31 0 1
 0.84999999999999998 0.64000000000000001 0.58999999999999997 0.32000000000000001 0.23000000000000001 0 0
 0.85999999999999999 0.54000000000000004 0.33000000000000002 0.16 0.54000000000000004 0 0
 0.91000000000000003 0.78000000000000003 0.34000000000000002 0.23999999999999999 0.35999999999999999 0 0
 0.87 0.69999999999999996 0.12 0.28000000000000003 0.10000000000000001 0 0
 0.97999999999999998 0.55000000000000004 0.13 0.17000000000000001 0.17000000000000001 0 0
 0.88 0.62 0.20000000000000001 0.17000000000000001 0.089999999999999997 0.5 1
 0.88 0.67000000000000004 0.20999999999999999 0.11 0.11 0.5 1
 0.92000000000000004 0.54000000000000004 0.22 0.20000000000000001 0.070000000000000007 0.5 1
 0.90000000000000002 0.59999999999999998 0.25 0.19 0.050000000000000003 0.5 1
 0.89000000000000001 0.52000000000000002 0.13 0.23999999999999999 0.14999999999999999 0.5 1
 0.81999999999999995 0.62 0.17000000000000001 0.17000000000000001 0.14999999999999999 0.5 1
 0.90000000000000002 0.64000000000000001 0.60999999999999999 0.32000000000000001 0.13 0.5 1
 0.85999999999999999 0.77000000000000002 0.25 0.19 0.17999999999999999 0.5 1
 0.95999999999999996 0.67000000000000004 0.28999999999999998 0.20000000000000001 0.11 0.5 1
 0.91000000000000003 0.78000000000000003 0.20000000000000001 0.31 0.17999999999999999 0.5 1
 0.89000000000000001 0.67000000000000004 0.23000000000000001 0.16 0.10000000000000001 0.5 1
 0.89000000000000001 0.79000000000000004 0.17000000000000001 0.17000000000000001 0.16 0.5 1
 0.91000000000000003 1.0700000000000001 0.20000000000000001 0.20000000000000001 0.56000000000000005 0.5 1
 0.93999999999999995 1.1599999999999999 0.11 0.33000000000000002 0.11 0.5 1
 0.92000000000000004 0.58999999999999997 0.34999999999999998 0.13 0.19 0.5 1
 0.93000000000000005 0.23000000000000001 0.34999999999999998 0.20000000000000001 0.20000000000000001 0.5 1
 0.90000000000000002 0.59999999999999998 0.23000000000000001 0.27000000000000002 0.050000000000000003 0.5 1
 0.95999999999999996 0.68000000000000005 0.17999999999999999 0.19 0.19 0.5 1
 0.83999999999999997 0.80000000000000004 0.46999999999999997 0.33000000000000002 0.96999999999999997 0.5 1
 0.92000000000000004 0.69999999999999996 0.23999999999999999 0.13 0.26000000000000001 0.5 1
 0.90000000000000002 0.46999999999999997 0.28000000000000003 0.14999999999999999 0.17999999999999999 0.5 1
 0.88 0.66000000000000003 0.20000000000000001 0.20999999999999999 0.10000000000000001 0.5 1
 0.91000000000000003 1.02 0.17000000000000001 0.13 0.19 0.5 1
 0.87 0.40999999999999998 0.31 0.19 0.16 0.5 1
 0.85999999999999999 0.79000000000000004 0.28000000000000003 0.16 0.17000000000000001 0.5 1
 0.91000000000000003 0.56999999999999995 0.31 0.23000000000000001 0.41999999999999998 0.5 1
 0.93000000000000005 0.77000000000000002 0.32000000000000001 0.17999999999999999 0.28999999999999998 0.5 1
 0.88 0.95999999999999996 0.28000000000000003 0.20999999999999999 0.40000000000000002 0.5 1
 0.93999999999999995 0.65000000000000002 0.22 0.17999999999999999 0.11 0.5 1
 0.91000000000000003 0.71999999999999997 1.55 0.68000000000000005 0.81999999999999995 0.5 0
 0.84999999999999998 0.54000000000000004 0.46999999999999997 0.33000000000000002 0.22 0.5 0
 0.79000000000000004 0.39000000000000001 0.14000000000000001 0.19 0.089999999999999997 0.5 0
 0.84999999999999998 0.84999999999999998 0.25 0.26000000000000001 0.29999999999999999 0.5 0
 0.89000000000000001 0.63 0.23999999999999999 0.20000000000000001 0.38 0.5 0
 0.83999999999999997 0.92000000000000004 0.68000000000000005 0.37 0.44 0.5 0
 0.89000000000000001 0.68000000000000005 0.26000000000000001 0.39000000000000001 0.41999999999999998 0.5 0
 0.89000000000000001 1.01 0.17999999999999999 0.25 0.13 0.5 0
 0.85999999999999999 0.83999999999999997 0.17999999999999999 0.14000000000000001 0.16 0.5 0
 0.84999999999999998 0.65000000000000002 0.25 0.14000000000000001 0.17999999999999999 0.5 0
 0.88 0.60999999999999999 0.19 0.20999999999999999 0.13 0.5 0
 0.92000000000000004 0.56000000000000005 0.14000000000000001 0.16 0.10000000000000001 0.5 0
 0.94999999999999996 0.5 0.28999999999999998 0.25 0.5 0.5 0
 0.91000000000000003 0.75 0.23999999999999999 0.22 0.11 0.5 0
 0.82999999999999996 0.40000000000000002 0.28999999999999998 0.25 0.38 0.5 0
 0.89000000000000001 0.73999999999999999 0.19 0.23000000000000001 0.16 0.5 0
 0.84999999999999998 0.64000000000000001 0.23999999999999999 0.22 0.11 0.5 0
 0.92000000000000004 0.56999999999999995 0.64000000000000001 0.35999999999999999 0.90000000000000002 0.5 0
 0.93999999999999995 0.47999999999999998 0.11 0.23000000000000001 0.42999999999999999 0.5 0
 0.87 0.52000000000000002 0.20999999999999999 0.19 0.29999999999999999 0.5 0
 0.84999999999999998 0.65000000000000002 0.23000000000000001 0.28999999999999998 0.14999999999999999 0.5 0
 0.83999999999999997 0.81999999999999995 0.20999999999999999 0.20999999999999999 0.19 0.5 0
 0.88 0.48999999999999999 0.20000000000000001 0.22 0.19 0.5 0
 0.95999999999999996 0.67000000000000004 0.26000000000000001 0.26000000000000001 0.35999999999999999 0.5 0
 0.90000000000000002 0.63 0.23999999999999999 0.23999999999999999 0.23999999999999999 0.5 0
 0.90000000000000002 0.45000000000000001 0.33000000000000002 0.34000000000000002 0.27000000000000002 0.5 0
 0.90000000000000002 0.71999999999999997 0.14000000000000001 0.14999999999999999 0.17999999999999999 0.5 0
 0.91000000000000003 0.55000000000000004 0.040000000000000001 0.080000000000000002 0.13 0.5 0
 0.91000000000000003 0.52000000000000002 0.14999999999999999 0.22 0.11 0.5 0
 0.87 0.70999999999999996 0.32000000000000001 0.19 0.27000000000000002 1 1
 0.89000000000000001 0.77000000000000002 0.26000000000000001 0.20000000000000001 0.19 1 1
 0.89000000000000001 0.67000000000000004 0.050000000000000003 0.17000000000000001 0.14000000000000001 1 0
 0.84999999999999998 0.51000000000000001 0.26000000000000001 0.23999999999999999 0.23000000000000001 1 0
 1.03 0.75 0.19 0.29999999999999999 0.13 1 0
 0.90000000000000002 0.63 0.16 0.20999999999999999 0.14000000000000001 1 0
 0.90000000000000002 0.63 0.28999999999999998 0.23000000000000001 0.56999999999999995 2 1
 0.90000000000000002 0.67000000000000004 0.34999999999999998 0.19 0.34999999999999998 2 1
 0.87 0.66000000000000003 0.27000000000000002 0.22 0.089999999999999997 2 1
 0.90000000000000002 0.72999999999999998 0.34000000000000002 0.20999999999999999 0.22 2 1
 0.85999999999999999 0.54000000000000004 0.20000000000000001 0.20999999999999999 0.16 2 1
 0.90000000000000002 0.80000000000000004 0.19 0.14000000000000001 0.41999999999999998 2 1
 0.87 0.90000000000000002 0.42999999999999999 0.28000000000000003 1.5600000000000001 2 0
 0.95999999999999996 0.71999999999999997 0.28000000000000003 0.19 0.29999999999999999 2 0
 0.91000000000000003 0.55000000000000004 0.089999999999999997 0.25 0.16 2 0
 0.94999999999999996 0.78000000000000003 0.27000000000000002 0.25 0.29999999999999999 2 0
 0.92000000000000004 1.01 0.34000000000000002 0.29999999999999999 0.64000000000000001 2 0
 0.89000000000000001 0.51000000000000001 0.40999999999999998 0.22 0.47999999999999998 2 0
 0.91000000000000003 0.98999999999999999 0.41999999999999998 0.33000000000000002 0.16 2 0
 0.93999999999999995 0.57999999999999996 0.20999999999999999 0.17999999999999999 0.26000000000000001 2 0
 0.92000000000000004 0.59999999999999998 0.29999999999999999 0.27000000000000002 2.9700000000000002 2 0
 0.93999999999999995 0.57999999999999996 0.20999999999999999 0.17999999999999999 0.26000000000000001 2 0
 0.88 0.46999999999999997 0.33000000000000002 0.26000000000000001 0.28999999999999998 2 0
 0.92000000000000004 0.65000000000000002 0.17000000000000001 0.25 0.089999999999999997 2 0
 0.92000000000000004 0.79000000000000004 0.22 0.20000000000000001 0.11 3 1
 0.83999999999999997 0.82999999999999996 0.20000000000000001 0.25 0.070000000000000007 3 1
 0.88 0.68000000000000005 0.27000000000000002 0.20999999999999999 0.26000000000000001 3 1
 0.85999999999999999 0.47999999999999998 0.20000000000000001 0.20000000000000001 0.059999999999999998 3 1
 0.98999999999999999 0.68999999999999995 0.45000000000000001 0.32000000000000001 0.29999999999999999 3 1
 0.88 0.66000000000000003 0.23000000000000001 0.12 0.14999999999999999 3 1
 0.89000000000000001 0.62 0.41999999999999998 0.29999999999999999 0.20000000000000001 3 1
 0.90000000000000002 0.51000000000000001 0.23000000000000001 0.17000000000000001 0.27000000000000002 3 1
 0.81000000000000005 0.60999999999999999 0.32000000000000001 0.37 0.53000000000000003 3 0
 0.89000000000000001 0.89000000000000001 0.23000000000000001 0.17999999999999999 1.04 3 0
 0.89000000000000001 0.65000000000000002 0.26000000000000001 0.17999999999999999 0.35999999999999999 3 0
 0.92000000000000004 0.75 0.26000000000000001 0.26000000000000001 0.23999999999999999 3 0
 0.84999999999999998 0.58999999999999997 0.25 0.20000000000000001 0.25 3 0
 0.92000000000000004 0.60999999999999999 0.17999999999999999 0.13 0.81000000000000005 3 0
 0.89000000000000001 0.63 0.22 0.27000000000000002 0.10000000000000001 4 1
 0.90000000000000002 0.83999999999999997 0.17999999999999999 0.23000000000000001 0.13 4 1
 0.88 0.94999999999999996 0.25 0.19 0.14000000000000001 4 1
 0.89000000000000001 0.34999999999999998 0.27000000000000002 0.28999999999999998 0.17000000000000001 4 1
 0.91000000000000003 0.80000000000000004 0.37 0.23000000000000001 0.27000000000000002 4 1
 0.91000000000000003 1.0900000000000001 0.33000000000000002 0.14999999999999999 0.17999999999999999 4 1
 0.91000000000000003 0.65000000000000002 0.17000000000000001 0.050000000000000003 0.070000000000000007 4 1
 0.88 1.0700000000000001 0.28999999999999998 0.20000000000000001 0.5 4 0
 0.87 0.76000000000000001 0.22 0.55000000000000004 0.089999999999999997 4 0
 0.87 0.85999999999999999 0.28000000000000003 0.23000000000000001 0.20999999999999999 4 0
 0.87 0.41999999999999998 0.26000000000000001 0.23000000000000001 0.17000000000000001 4 0
 0.88 0.80000000000000004 0.23999999999999999 0.25 0.17000000000000001 4 0
 0.90000000000000002 0.95999999999999996 0.34000000000000002 0.48999999999999999 1.6899999999999999 4 0
 0.85999999999999999 0.67000000000000004 0.11 0.14999999999999999 0.080000000000000002 4 0
 0.92000000000000004 0.40000000000000002 0.19 0.20000000000000001 0.20999999999999999 4 0
 0.84999999999999998 0.59999999999999998 0.17000000000000001 0.20999999999999999 0.14000000000000001 4 0
 0.89000000000000001 0.90000000000000002 0.14999999999999999 0.17000000000000001 0.25 4 0
 0.91000000000000003 0.56999999999999995 0.14999999999999999 0.16 0.16 4 0
 0.95999999999999996 0.55000000000000004 0.47999999999999998 0.39000000000000001 0.41999999999999998 4 0
 0.79000000000000004 1.01 0.17000000000000001 0.27000000000000002 0.23000000000000001 4 0
 0.90000000000000002 1.3400000000000001 0.14000000000000001 0.20000000000000001 0.14000000000000001 4 0
 0.89000000000000001 0.76000000000000001 0.14000000000000001 0.20999999999999999 0.23999999999999999 4 0
 0.88 0.93000000000000005 0.28999999999999998 0.27000000000000002 0.31 4 0
 0.90000000000000002 0.67000000000000004 0.10000000000000001 0.16 0.16 4 0
 0.92000000000000004 0.72999999999999998 0.23999999999999999 0.20999999999999999 0.47999999999999998 4 0
 0.91000000000000003 0.55000000000000004 0.28000000000000003 0.28000000000000003 0.81999999999999995 4 0
 0.82999999999999996 0.45000000000000001 0.19 0.20999999999999999 0.13 4 0
 0.90000000000000002 0.73999999999999999 0.19 0.14000000000000001 0.22 4 0
 0.92000000000000004 0.66000000000000003 0.20999999999999999 0.16 0.33000000000000002 5 1
 0.93000000000000005 0.63 0.26000000000000001 0.17999999999999999 0.17999999999999999 5 1
 0.85999999999999999 0.78000000000000003 0.46999999999999997 0.39000000000000001 1.0700000000000001 5 0
 0.96999999999999997 0.44 1.1299999999999999 0.45000000000000001 1.5 5 0
 0.87 0.58999999999999997 0.14999999999999999 0.19 0.12 5 0
 0.85999999999999999 0.44 0.20999999999999999 0.11 0.14999999999999999 5 0
 0.87 0.64000000000000001 0.16 0.20000000000000001 0.23999999999999999 5 0
 0.92000000000000004 0.56999999999999995 0.20999999999999999 0.23000000000000001 0.22 5 0
 0.90000000000000002 0.69999999999999996 0.25 0.23000000000000001 1.1200000000000001 5 0
 0.98999999999999999 0.58999999999999997 0.17000000000000001 0.19 0.11 5 0
 0.92000000000000004 0.80000000000000004 0.10000000000000001 0.26000000000000001 0.20000000000000001 6 1
 0.94999999999999996 0.59999999999999998 0.26000000000000001 0.22 0.28000000000000003 6 1
 0.91000000000000003 0.63 0.25 0.26000000000000001 0.14999999999999999 6 1
 0.92000000000000004 0.62 0.37 0.20999999999999999 0.35999999999999999 6 1
 0.94999999999999996 0.5 0.13 0.14000000000000001 0.14999999999999999 6 1
 0.90000000000000002 0.76000000000000001 0.37 0.19 0.5 6 1
 0.95999999999999996 0.69999999999999996 0.69999999999999996 0.26000000000000001 0.35999999999999999 6 1
 0.94999999999999996 0.62 0.64000000000000001 0.41999999999999998 0.76000000000000001 6 1
 0.92000000000000004 0.62 0.20000000000000001 0.23000000000000001 0.20000000000000001 6 1
 0.91000000000000003 0.63 0.25 0.26000000000000001 0.14999999999999999 6 1
 0.81999999999999995 0.56000000000000005 0.67000000000000004 0.38 0.92000000000000004 6 0
 0.92000000000000004 0.81999999999999995 0.27000000000000002 0.23999999999999999 0.37 6 0
 0.90000000000000002 0.63 0.12 0.26000000000000001 0.20999999999999999 6 0
 0.88 0.37 0.089999999999999997 0.14999999999999999 0.16 6 0
 1 0.59999999999999998 0.28999999999999998 0.23000000000000001 0.76000000000000001 6 0
 0.97999999999999998 0.42999999999999999 0.34999999999999998 0.23000000000000001 0.68999999999999995 6 0
 0.91000000000000003 0.73999999999999999 0.87 0.5 0.67000000000000004 6 0
 0.92000000000000004 0.87 0.56999999999999995 0.25 0.44 6 0
 0.93000000000000005 0.98999999999999999 0.35999999999999999 0.34000000000000002 0.47999999999999998 6 0
 0.90000000000000002 0.71999999999999997 0.17000000000000001 0.19 0.19 6 0
 0.96999999999999997 0.93000000000000005 0.20999999999999999 0.20000000000000001 0.68000000000000005 6 0
 0.93000000000000005 0.5 0.17999999999999999 0.25 0.17000000000000001 6 0
 0.90000000000000002 0.56999999999999995 0.20000000000000001 0.26000000000000001 0.33000000000000002 6 0
 0.92000000000000004 0.76000000000000001 0.31 0.28000000000000003 0.40999999999999998 6 0
 0.88 0.55000000000000004 0.19 0.17000000000000001 0.14000000000000001 6 0
 0.89000000000000001 0.63 0.23999999999999999 0.28999999999999998 0.28999999999999998 6 0
 0.92000000000000004 0.79000000000000004 0.69999999999999996 0.32000000000000001 0.83999999999999997 7 1
 0.92000000000000004 0.93000000000000005 0.57999999999999996 0.34999999999999998 1.2 7 1
 0.93000000000000005 0.83999999999999997 0.57999999999999996 0.46999999999999997 0.62 7 0
 0.96999999999999997 0.70999999999999996 0.28999999999999998 0.22 0.52000000000000002 8 1
 0.83999999999999997 0.98999999999999999 0.33000000000000002 0.19 0.26000000000000001 8 1
 0.95999999999999996 0.44 0.41999999999999998 0.23000000000000001 0.72999999999999998 8 1
 0.90000000000000002 0.62 0.22 0.20999999999999999 0.20999999999999999 8 1
 0.92000000000000004 0.93999999999999995 0.17999999999999999 0.17000000000000001 0.059999999999999998 8 1
 0.90000000000000002 0.67000000000000004 0.77000000000000002 0.39000000000000001 1.1399999999999999 8 1
 0.96999999999999997 0.70999999999999996 0.28999999999999998 0.22 0.52000000000000002 8 1
 0.91000000000000003 0.68999999999999995 0.25 0.25 0.66000000000000003 8 0
 0.93000000000000005 0.58999999999999997 0.17000000000000001 0.20000000000000001 0.14000000000000001 8 0
 0.92000000000000004 0.94999999999999996 0.84999999999999998 0.47999999999999998 2 8 0
 0.90000000000000002 0.5 0.26000000000000001 0.22 0.53000000000000003 8 0
 0.91000000000000003 0.62 0.58999999999999997 0.46999999999999997 0.59999999999999998 8 0
 0.92000000000000004 0.93000000000000005 0.22 0.28000000000000003 1.23 9 1
 0.92000000000000004 0.77000000000000002 0.85999999999999999 0.40999999999999998 0.31 10 1
 0.85999999999999999 0.66000000000000003 0.22 0.23999999999999999 0.26000000000000001 10 0
 0.97999999999999998 0.56999999999999995 0.31 0.34000000000000002 0.72999999999999998 10 0
 0.94999999999999996 0.80000000000000004 0.5 0.64000000000000001 0.55000000000000004 10 0
 0.92000000000000004 1.0800000000000001 0.53000000000000003 0.33000000000000002 0.93999999999999995 12 0
 0.96999999999999997 0.92000000000000004 0.22 0.28000000000000003 0.48999999999999999 12 0
 0.93000000000000005 0.77000000000000002 0.39000000000000001 0.37 1.0800000000000001 16 1
 0.93999999999999995 0.82999999999999996 0.81000000000000005 0.34000000000000002 2.0099999999999998 20 1
 0.87 0.75 0.25 0.20999999999999999 0.14000000000000001 0 1
 0.88 0.56000000000000005 0.23000000000000001 0.17999999999999999 0.12 0 1
 0.83999999999999997 0.96999999999999997 0.40999999999999998 0.20000000000000001 0.32000000000000001 0 0
 0.93999999999999995 0.91000000000000003 0.27000000000000002 0.20000000000000001 0.14999999999999999 0.5 1
 0.96999999999999997 0.62 0.17000000000000001 0.13 0.050000000000000003 0.5 1
 0.92000000000000004 0.84999999999999998 0.25 0.20000000000000001 0.12 0.5 1
 0.81999999999999995 0.47999999999999998 0.27000000000000002 0.14999999999999999 0.12 0.5 1
 0.88 0.73999999999999999 0.31 0.25 0.14999999999999999 0.5 1
 0.94999999999999996 0.77000000000000002 0.29999999999999999 0.14000000000000001 0.20999999999999999 0.5 1
 0.88 0.93999999999999995 0.26000000000000001 0.17999999999999999 0.080000000000000002 0.5 1
 0.91000000000000003 0.69999999999999996 0.19 0.19 0.22 0.5 1
 0.82999999999999996 0.54000000000000004 0.27000000000000002 0.14999999999999999 0.12 0.5 1
 0.91000000000000003 1.05 0.40000000000000002 0.26000000000000001 0.56000000000000005 0.5 1
 0.85999999999999999 0.79000000000000004 0.37 0.28000000000000003 0.14000000000000001 0.5 1
 0.91000000000000003 0.95999999999999996 0.34999999999999998 0.22 1.3500000000000001 0.5 1
 0.89000000000000001 0.81999999999999995 0.23000000000000001 0.14000000000000001 0.34999999999999998 0.5 1
 0.90000000000000002 0.72999999999999998 0.23999999999999999 0.23000000000000001 0.11 0.5 1
 0.90000000000000002 0.87 0.19 0.25 0.19 0.5 1
 0.89000000000000001 0.81999999999999995 0.33000000000000002 0.32000000000000001 0.17999999999999999 0.5 1
 0.84999999999999998 0.79000000000000004 0.17000000000000001 0.080000000000000002 0.089999999999999997 0.5 1
 0.84999999999999998 1.1899999999999999 0.29999999999999999 0.26000000000000001 0.17000000000000001 0.5 1
 0.78000000000000003 0.68999999999999995 0.23999999999999999 0.17999999999999999 0.31 0.5 1
 0.88 1.0700000000000001 0.34000000000000002 0.20999999999999999 0.27000000000000002 0.5 1
 0.89000000000000001 1.1499999999999999 0.17000000000000001 0.27000000000000002 0.070000000000000007 0.5 1
 0.92000000000000004 0.67000000000000004 0.23000000000000001 0.14999999999999999 0.12 0.5 1
 0.89000000000000001 1.01 0.27000000000000002 0.34000000000000002 0.14000000000000001 0.5 1
 0.91000000000000003 0.83999999999999997 0.11 0.12 0.10000000000000001 0.5 1
 0.93999999999999995 1.01 0.40999999999999998 0.20000000000000001 0.53000000000000003 0.5 0
 0.88 0.46000000000000002 0.28999999999999998 0.22 0.17999999999999999 0.5 0
 0.88 1.22 0.34999999999999998 0.28999999999999998 0.41999999999999998 0.5 0
 0.83999999999999997 0.88 0.28000000000000003 0.25 0.34999999999999998 0.5 0
 0.90000000000000002 0.79000000000000004 0.17999999999999999 0.14999999999999999 0.23999999999999999 0.5 0
 0.87 0.68999999999999995 0.22 0.26000000000000001 0.11 0.5 0
 0.65000000000000002 0.63 0.19 0.20000000000000001 0.14000000000000001 0.5 0
 0.90000000000000002 0.64000000000000001 0.12 0.17000000000000001 0.14000000000000001 0.5 0
 0.84999999999999998 0.57999999999999996 0.17999999999999999 0.23999999999999999 0.16 0.5 0
 0.88 0.81000000000000005 0.40999999999999998 0.27000000000000002 0.35999999999999999 0.5 0
 0.85999999999999999 0.78000000000000003 0.52000000000000002 0.28999999999999998 0.62 0.5 0
 0.81999999999999995 0.73999999999999999 0.38 0.28000000000000003 0.47999999999999998 0.5 0
 0.85999999999999999 0.57999999999999996 0.35999999999999999 0.27000000000000002 0.58999999999999997 0.5 0
 0.93999999999999995 0.56000000000000005 0.29999999999999999 0.17999999999999999 0.27000000000000002 0.5 0
 0.87 0.56999999999999995 0.29999999999999999 0.29999999999999999 0.22 0.5 0
 0.97999999999999998 0.73999999999999999 1.48 0.75 1.5900000000000001 0.5 0
 0.93999999999999995 0.75 0.20000000000000001 0.25 0.38 0.5 0
 0.82999999999999996 0.68000000000000005 0.17000000000000001 0.20000000000000001 0.70999999999999996 0.5 0
 0.93000000000000005 0.56000000000000005 0.25 0.20999999999999999 0.33000000000000002 0.5 0
 1.01 0.65000000000000002 0.17999999999999999 0.20999999999999999 0.22 0.5 0
 0.92000000000000004 0.65000000000000002 0.25 0.20000000000000001 0.31 0.5 0
 0.92000000000000004 0.57999999999999996 0.14000000000000001 0.16 0.13 0.5 0
 0.85999999999999999 0.57999999999999996 0.16 0.23000000000000001 0.23000000000000001 0.5 0
 0.84999999999999998 0.62 0.14999999999999999 0.13 0.22 0.5 0
 0.85999999999999999 0.56999999999999995 0.13 0.20000000000000001 0.13 0.5 0
 0.85999999999999999 0.54000000000000004 0.26000000000000001 0.29999999999999999 0.13 0.5 0
 0.81000000000000005 0.40999999999999998 0.33000000000000002 0.27000000000000002 0.34000000000000002 1 1
 0.91000000000000003 0.67000000000000004 0.32000000000000001 0.26000000000000001 0.13 1 1
 0.91000000000000003 0.80000000000000004 0.20999999999999999 0.19 0.14000000000000001 1 1
 0.92000000000000004 0.59999999999999998 0.23000000000000001 0.14999999999999999 0.19 1 1
 0.91000000000000003 0.59999999999999998 0.32000000000000001 0.14000000000000001 0.080000000000000002 1 1
 0.93000000000000005 0.65000000000000002 0.28000000000000003 0.22 0.10000000000000001 1 1
 0.90000000000000002 0.63 0.45000000000000001 0.23999999999999999 0.84999999999999998 1 0
 0.87 0.92000000000000004 0.20999999999999999 0.22 0.37 1 0
 0.82999999999999996 0.78000000000000003 0.31 0.19 1.1499999999999999 1 0
 0.94999999999999996 0.62 0.23999999999999999 0.23000000000000001 0.14000000000000001 1 0
 0.93000000000000005 0.58999999999999997 0.40999999999999998 0.29999999999999999 0.47999999999999998 1 0
 0.83999999999999997 0.81999999999999995 0.42999999999999999 0.32000000000000001 0.38 2 1
 0.87 0.70999999999999996 0.33000000000000002 0.20000000000000001 0.22 2 1
 0.85999999999999999 0.44 0.23999999999999999 0.14999999999999999 0.17999999999999999 2 1
 0.85999999999999999 0.66000000000000003 0.28000000000000003 0.23999999999999999 0.20999999999999999 2 1
 0.88 0.57999999999999996 0.31 0.17000000000000001 0.17000000000000001 2 1
 0.90000000000000002 0.60999999999999999 0.28000000000000003 0.28999999999999998 0.31 2 1
 0.88 0.68999999999999995 0.69999999999999996 0.23999999999999999 0.64000000000000001 2 1
 0.93000000000000005 0.87 0.17999999999999999 0.17000000000000001 0.26000000000000001 2 1
 0.97999999999999998 0.57999999999999996 0.33000000000000002 0.20999999999999999 0.28000000000000003 2 1
 0.91000000000000003 0.44 0.17999999999999999 0.17999999999999999 0.23000000000000001 2 0
 0.87 0.75 0.37 0.19 0.69999999999999996 2 0
 0.93999999999999995 0.91000000000000003 0.29999999999999999 0.26000000000000001 0.25 2 0
 0.88 0.84999999999999998 0.14000000000000001 0.14999999999999999 0.10000000000000001 2 0
 0.89000000000000001 1.0900000000000001 0.26000000000000001 0.25 0.27000000000000002 2 0
 0.87 0.58999999999999997 0.37 0.27000000000000002 0.34000000000000002 2 0
 0.93000000000000005 0.57999999999999996 0.20000000000000001 0.23000000000000001 0.17999999999999999 2 0
 0.88 0.56999999999999995 0.089999999999999997 0.14999999999999999 0.16 2 0
 0.93999999999999995 0.65000000000000002 0.38 0.27000000000000002 0.17000000000000001 3 1
 0.91000000000000003 0.70999999999999996 0.12 0.22 0.11 3 1
 0.90000000000000002 0.55000000000000004 0.20000000000000001 0.20000000000000001 0.16 3 1
 0.91000000000000003 0.64000000000000001 0.20999999999999999 0.17000000000000001 0.26000000000000001 3 0
 0.88 0.46999999999999997 0.34999999999999998 0.26000000000000001 0.33000000000000002 3 0
 0.81999999999999995 0.71999999999999997 0.31 0.20000000000000001 0.83999999999999997 3 0
 0.84999999999999998 0.57999999999999996 0.82999999999999996 0.48999999999999999 0.51000000000000001 3 0
 0.91000000000000003 0.54000000000000004 0.25 0.22 0.34999999999999998 4 1
 0.97999999999999998 0.5 0.27000000000000002 0.25 0.53000000000000003 4 0
 0.85999999999999999 0.62 0.28999999999999998 0.20999999999999999 0.26000000000000001 4 0
 0.89000000000000001 0.47999999999999998 0.32000000000000001 0.22 0.14000000000000001 4 0
 0.81999999999999995 0.68000000000000005 0.20000000000000001 0.22 0.089999999999999997 4 0
 0.82999999999999996 0.69999999999999996 0.17000000000000001 0.19 0.23000000000000001 4 0
 0.95999999999999996 0.69999999999999996 0.20999999999999999 0.26000000000000001 0.20999999999999999 4 0
 0.93999999999999995 1.1699999999999999 0.77000000000000002 0.56000000000000005 0.52000000000000002 4 0
 0.93000000000000005 0.45000000000000001 0.11 0.14000000000000001 0.20999999999999999 4 0
 0.93000000000000005 0.48999999999999999 0.27000000000000002 0.20999999999999999 0.28999999999999998 4 0
 0.83999999999999997 0.72999999999999998 0.46000000000000002 0.32000000000000001 0.39000000000000001 4 0
 0.91000000000000003 0.63 0.17000000000000001 0.17000000000000001 0.46000000000000002 4 0
 0.90000000000000002 0.56999999999999995 0.31 0.17999999999999999 0.37 4 0
 0.87 0.45000000000000001 0.19 0.13 0.16 4 0
 0.91000000000000003 0.68000000000000005 0.14000000000000001 0.20000000000000001 0.19 4 0
 0.85999999999999999 0.55000000000000004 0.28999999999999998 0.34999999999999998 1.0800000000000001 4 0
 0.91000000000000003 0.85999999999999999 0.52000000000000002 0.46999999999999997 0.52000000000000002 4 0
 0.88 0.46000000000000002 0.14999999999999999 0.33000000000000002 0.55000000000000004 4 0
 0.84999999999999998 0.52000000000000002 0.22 0.23000000000000001 0.34000000000000002 4 0
 0.89000000000000001 0.71999999999999997 0.33000000000000002 0.27000000000000002 0.55000000000000004 4 0
 0.94999999999999996 0.58999999999999997 0.23000000000000001 0.17999999999999999 0.19 4 0
 0.93999999999999995 0.42999999999999999 1.54 0.81999999999999995 1.21 4 0
 0.95999999999999996 0.56000000000000005 0.38 0.26000000000000001 0.23000000000000001 5 0
 0.90000000000000002 0.52000000000000002 0.10000000000000001 0.17000000000000001 0.12 5 0
 0.93999999999999995 0.45000000000000001 0.20000000000000001 0.16 0.12 5 0
 0.98999999999999999 0.41999999999999998 0.14000000000000001 0.20999999999999999 0.48999999999999999 5 0
 0.93000000000000005 1.02 0.46999999999999997 0.23000000000000001 0.37 5 0
 0.93999999999999995 0.70999999999999996 0.25 0.26000000000000001 0.31 5 0
 0.92000000000000004 0.72999999999999998 0.33000000000000002 0.34000000000000002 1.1499999999999999 5 0
 0.87 0.54000000000000004 0.40999999999999998 0.28999999999999998 0.23000000000000001 6 1
 0.92000000000000004 0.67000000000000004 0.14999999999999999 0.14000000000000001 0.14000000000000001 6 1
 0.97999999999999998 1.01 0.31 0.26000000000000001 0.32000000000000001 6 1
 0.92000000000000004 0.53000000000000003 0.51000000000000001 0.33000000000000002 0.92000000000000004 6 1
 0.96999999999999997 0.93999999999999995 0.42999999999999999 0.42999999999999999 0.81999999999999995 6 1
 0.93000000000000005 0.42999999999999999 0.11 0.16 0.54000000000000004 6 1
 0.93000000000000005 0.68000000000000005 0.23999999999999999 0.17999999999999999 0.19 6 1
 0.94999999999999996 0.35999999999999999 0.38 0.19 0.14999999999999999 6 1
 0.98999999999999999 0.85999999999999999 0.57999999999999996 0.41999999999999998 2.0299999999999998 6 1
 0.97999999999999998 0.66000000000000003 1.03 0.56999999999999995 1.1399999999999999 6 1
 0.92000000000000004 0.80000000000000004 0.10000000000000001 0.26000000000000001 0.20000000000000001 6 1
 0.95999999999999996 0.73999999999999999 0.27000000000000002 0.25 0.42999999999999999 6 0
 0.94999999999999996 0.93000000000000005 0.20999999999999999 0.27000000000000002 0.46999999999999997 6 0
 0.85999999999999999 1.0900000000000001 0.16 0.22 0.28000000000000003 6 0
 0.91000000000000003 0.46000000000000002 0.29999999999999999 0.23999999999999999 0.39000000000000001 7 0
 1.02 0.81999999999999995 0.34000000000000002 0.78000000000000003 2.0299999999999998 7 0
 0.84999999999999998 0.5 0.12 0.17999999999999999 0.14000000000000001 7 0
 0.91000000000000003 0.56999999999999995 0.33000000000000002 0.23000000000000001 0.12 8 1
 0.91000000000000003 0.52000000000000002 0.76000000000000001 0.32000000000000001 0.23999999999999999 8 1
 0.93000000000000005 0.69999999999999996 0.46000000000000002 0.29999999999999999 0.33000000000000002 8 1
 0.87 0.55000000000000004 0.35999999999999999 0.19 0.25 8 1
 0.97999999999999998 1.23 0.28000000000000003 0.23999999999999999 0.31 8 1
 0.81999999999999995 0.55000000000000004 0.17999999999999999 0.23000000000000001 0.44 8 0
 0.94999999999999996 0.72999999999999998 0.20000000000000001 0.25 2.25 8 0
 0.96999999999999997 0.80000000000000004 0.17000000000000001 0.20000000000000001 0.53000000000000003 8 0
 1 0.82999999999999996 0.25 0.23999999999999999 0.28000000000000003 8 0
 0.88 0.91000000000000003 0.56000000000000005 0.34999999999999998 1.26 9 0
 0.91000000000000003 1.3799999999999999 0.45000000000000001 0.20999999999999999 0.47999999999999998 10 1
 0.92000000000000004 0.40999999999999998 0.37 0.22 0.37 10 1
 0.85999999999999999 1.23 0.20000000000000001 0.25 0.23000000000000001 10 0
 0.91000000000000003 0.93000000000000005 0.34999999999999998 0.34000000000000002 0.37 10 0
 0.87 0.87 0.14999999999999999 0.23000000000000001 0.11 10 0
 0.87 0.56000000000000005 0.52000000000000002 0.42999999999999999 0.55000000000000004 10 0
 0.98999999999999999 0.75 0.26000000000000001 0.23999999999999999 0.40999999999999998 12 1
 0.95999999999999996 0.68999999999999995 0.53000000000000003 0.42999999999999999 2.0299999999999998 12 0
 0.97999999999999998 0.77000000000000002 0.55000000000000004 0.34999999999999998 0.89000000000000001 15 1
 0.91000000000000003 0.68000000000000005 0.27000000000000002 0.26000000000000001 0.14000000000000001 16 1
 0.97999999999999998 0.98999999999999999 0.56999999999999995 0.45000000000000001 0.65000000000000002 20 1


