1.00	0.64	0.71	0.50	1	0.40	0.00	0.00	15.55	21.33
1.00	0.64	0.71	0.50	1	0.60	0.00	0.00	15.55	21.33
1.00	0.64	0.71	0.50	1	0.80	0.00	0.00	15.55	21.33
1.00	0.64	0.71	0.50	1	1.00	0.00	0.00	15.55	21.33
0.92	0.70	0.76	0.56	1	0.40	0.00	0.00	20.84	28.28
0.92	0.70	0.76	0.56	1	0.60	0.00	0.00	21.46	25.38
0.92	0.70	0.76	0.56	1	0.80	0.00	0.00	20.71	25.16
0.92	0.70	0.76	0.56	1	1.00	0.00	0.00	19.68	29.60
0.88	0.73	0.71	0.67	1	0.40	0.00	0.00	19.50	27.30
0.88	0.73	0.71	0.67	1	0.60	0.00	0.00	19.95	21.97
0.88	0.73	0.71	0.67	1	0.80	0.00	0.00	19.34	23.49
0.88	0.73	0.71	0.67	1	1.00	0.00	0.00	18.31	27.87
0.84	0.76	0.76	0.67	1	0.40	0.00	0.00	17.05	23.77
0.84	0.76	0.76	0.67	1	0.60	0.00	0.00	17.41	21.46
0.84	0.76	0.76	0.67	1	0.80	0.00	0.00	16.95	21.16
0.84	0.76	0.76	0.67	1	1.00	0.00	0.00	15.98	24.93
0.81	0.79	0.82	0.67	1	0.40	0.00	0.00	28.52	37.73
0.81	0.79	0.82	0.67	1	0.60	0.00	0.00	29.90	31.27
0.81	0.79	0.82	0.67	1	0.80	0.00	0.00	29.63	30.93
0.81	0.79	0.82	0.67	1	1.00	0.00	0.00	28.75	39.44
0.78	0.82	1.00	0.56	1	0.40	0.00	0.00	24.77	29.79
0.78	0.82	1.00	0.56	1	0.60	0.00	0.00	23.93	29.68
0.78	0.82	1.00	0.56	1	0.80	0.00	0.00	24.77	29.79
0.78	0.82	1.00	0.56	1	1.00	0.00	0.00	23.93	29.40
0.76	0.85	0.59	1.00	0.5	0.40	0.00	0.00	6.07	10.90
0.76	0.85	0.59	1.00	0.5	0.60	0.00	0.00	6.05	11.19
0.76	0.85	0.59	1.00	0.5	0.80	0.00	0.00	6.01	10.94
0.76	0.85	0.59	1.00	0.5	1.00	0.00	0.00	6.04	11.17
0.72	0.88	0.65	1.00	0.5	0.40	0.00	0.00	6.37	11.27
0.72	0.88	0.65	1.00	0.5	0.60	0.00	0.00	6.40	11.72
0.72	0.88	0.65	1.00	0.5	0.80	0.00	0.00	6.37	11.29
0.72	0.88	0.65	1.00	0.5	1.00	0.00	0.00	6.40	11.67
0.70	0.91	0.71	1.00	0.5	0.40	0.00	0.00	6.85	11.74
0.70	0.91	0.71	1.00	0.5	0.60	0.00	0.00	6.79	12.05
0.70	0.91	0.71	1.00	0.5	0.80	0.00	0.00	6.77	11.73
0.70	0.91	0.71	1.00	0.5	1.00	0.00	0.00	6.81	11.93
0.67	0.94	0.76	1.00	0.5	0.40	0.00	0.00	7.18	12.40
0.67	0.94	0.76	1.00	0.5	0.60	0.00	0.00	7.10	12.23
0.67	0.94	0.76	1.00	0.5	0.80	0.00	0.00	7.10	12.40
0.67	0.94	0.76	1.00	0.5	1.00	0.00	0.00	7.10	12.14
0.65	0.97	0.82	1.00	0.5	0.40	0.00	0.00	10.85	16.78
0.65	0.97	0.82	1.00	0.5	0.60	0.00	0.00	10.54	16.80
0.65	0.97	0.82	1.00	0.5	0.80	0.00	0.00	10.77	16.75
0.65	0.97	0.82	1.00	0.5	1.00	0.00	0.00	10.56	16.67
0.63	1.00	0.88	1.00	0.5	0.40	0.00	0.00	8.60	12.07
0.63	1.00	0.88	1.00	0.5	0.60	0.00	0.00	8.49	12.22
0.63	1.00	0.88	1.00	0.5	0.80	0.00	0.00	8.45	12.08
0.63	1.00	0.88	1.00	0.5	1.00	0.00	0.00	8.50	12.04
1.00	0.64	0.71	0.50	1	0.40	0.25	0.20	24.58	26.47
1.00	0.64	0.71	0.50	1	0.60	0.25	0.20	24.63	26.37
1.00	0.64	0.71	0.50	1	0.80	0.25	0.20	24.63	26.44
1.00	0.64	0.71	0.50	1	1.00	0.25	0.20	24.59	26.29
0.92	0.70	0.76	0.56	1	0.40	0.25	0.20	29.03	32.92
0.92	0.70	0.76	0.56	1	0.60	0.25	0.20	29.87	29.87
0.92	0.70	0.76	0.56	1	0.80	0.25	0.20	29.14	29.58
0.92	0.70	0.76	0.56	1	1.00	0.25	0.20	28.09	34.33
0.88	0.73	0.71	0.67	1	0.40	0.25	0.20	26.28	30.89
0.88	0.73	0.71	0.67	1	0.60	0.25	0.20	26.91	25.60
0.88	0.73	0.71	0.67	1	0.80	0.25	0.20	26.37	27.03
0.88	0.73	0.71	0.67	1	1.00	0.25	0.20	25.27	31.73
0.84	0.76	0.76	0.67	1	0.40	0.25	0.20	23.53	27.31
0.84	0.76	0.76	0.67	1	0.60	0.25	0.20	24.03	24.91
0.84	0.76	0.76	0.67	1	0.80	0.25	0.20	23.54	24.61
0.84	0.76	0.76	0.67	1	1.00	0.25	0.20	22.58	28.51
0.81	0.79	0.82	0.67	1	0.40	0.25	0.20	35.56	41.68
0.81	0.79	0.82	0.67	1	0.60	0.25	0.20	37.12	35.28
0.81	0.79	0.82	0.67	1	0.80	0.25	0.20	36.90	34.43
0.81	0.79	0.82	0.67	1	1.00	0.25	0.20	35.94	43.33
0.78	0.82	1.00	0.56	1	0.40	0.25	0.20	32.96	33.87
0.78	0.82	1.00	0.56	1	0.60	0.25	0.20	32.12	34.07
0.78	0.82	1.00	0.56	1	0.80	0.25	0.20	32.94	34.14
0.78	0.82	1.00	0.56	1	1.00	0.25	0.20	32.21	33.67
0.76	0.85	0.59	1.00	0.5	0.40	0.25	0.20	10.36	13.43
0.76	0.85	0.59	1.00	0.5	0.60	0.25	0.20	10.43	13.71
0.76	0.85	0.59	1.00	0.5	0.80	0.25	0.20	10.36	13.48
0.76	0.85	0.59	1.00	0.5	1.00	0.25	0.20	10.39	13.70
0.72	0.88	0.65	1.00	0.5	0.40	0.25	0.20	10.71	13.80
0.72	0.88	0.65	1.00	0.5	0.60	0.25	0.20	10.80	14.28
0.72	0.88	0.65	1.00	0.5	0.80	0.25	0.20	10.70	13.87
0.72	0.88	0.65	1.00	0.5	1.00	0.25	0.20	10.75	14.27
0.70	0.91	0.71	1.00	0.5	0.40	0.25	0.20	11.11	14.28
0.70	0.91	0.71	1.00	0.5	0.60	0.25	0.20	11.13	14.61
0.70	0.91	0.71	1.00	0.5	0.80	0.25	0.20	11.09	14.30
0.70	0.91	0.71	1.00	0.5	1.00	0.25	0.20	11.16	14.45
0.67	0.94	0.76	1.00	0.5	0.40	0.25	0.20	11.68	13.90
0.67	0.94	0.76	1.00	0.5	0.60	0.25	0.20	11.69	13.72
0.67	0.94	0.76	1.00	0.5	0.80	0.25	0.20	11.70	13.88
0.67	0.94	0.76	1.00	0.5	1.00	0.25	0.20	11.69	13.65
0.65	0.97	0.82	1.00	0.5	0.40	0.25	0.20	15.41	19.37
0.65	0.97	0.82	1.00	0.5	0.60	0.25	0.20	15.20	19.43
0.65	0.97	0.82	1.00	0.5	0.80	0.25	0.20	15.42	19.34
0.65	0.97	0.82	1.00	0.5	1.00	0.25	0.20	15.21	19.32
0.63	1.00	0.88	1.00	0.5	0.40	0.25	0.20	12.96	14.34
0.63	1.00	0.88	1.00	0.5	0.60	0.25	0.20	12.97	14.50
0.63	1.00	0.88	1.00	0.5	0.80	0.25	0.20	12.93	14.33
0.63	1.00	0.88	1.00	0.5	1.00	0.25	0.20	13.02	14.27
1.00	0.64	0.71	0.50	1	0.40	0.25	0.40	24.29	25.95
1.00	0.64	0.71	0.50	1	0.60	0.25	0.40	24.31	25.63
1.00	0.64	0.71	0.50	1	0.80	0.25	0.40	24.13	26.13
1.00	0.64	0.71	0.50	1	1.00	0.25	0.40	24.25	25.89
0.92	0.70	0.76	0.56	1	0.40	0.25	0.40	28.88	32.54
0.92	0.70	0.76	0.56	1	0.60	0.25	0.40	29.68	29.44
0.92	0.70	0.76	0.56	1	0.80	0.25	0.40	28.83	29.36
0.92	0.70	0.76	0.56	1	1.00	0.25	0.40	27.90	34.20
0.88	0.73	0.71	0.67	1	0.40	0.25	0.40	26.48	30.91
0.88	0.73	0.71	0.67	1	0.60	0.25	0.40	27.02	25.63
0.88	0.73	0.71	0.67	1	0.80	0.25	0.40	26.33	27.36
0.88	0.73	0.71	0.67	1	1.00	0.25	0.40	25.36	31.90
0.84	0.76	0.76	0.67	1	0.40	0.25	0.40	23.75	27.38
0.84	0.76	0.76	0.67	1	0.60	0.25	0.40	24.23	25.02
0.84	0.76	0.76	0.67	1	0.80	0.25	0.40	23.67	24.80
0.84	0.76	0.76	0.67	1	1.00	0.25	0.40	22.79	28.79
0.81	0.79	0.82	0.67	1	0.40	0.25	0.40	35.65	41.07
0.81	0.79	0.82	0.67	1	0.60	0.25	0.40	37.26	34.62
0.81	0.79	0.82	0.67	1	0.80	0.25	0.40	36.97	33.87
0.81	0.79	0.82	0.67	1	1.00	0.25	0.40	36.03	42.86
0.78	0.82	1.00	0.56	1	0.40	0.25	0.40	33.16	33.91
0.78	0.82	1.00	0.56	1	0.60	0.25	0.40	32.40	34.07
0.78	0.82	1.00	0.56	1	0.80	0.25	0.40	33.12	34.17
0.78	0.82	1.00	0.56	1	1.00	0.25	0.40	32.41	33.78
0.76	0.85	0.59	1.00	0.5	0.40	0.25	0.40	10.42	13.39
0.76	0.85	0.59	1.00	0.5	0.60	0.25	0.40	10.46	13.72
0.76	0.85	0.59	1.00	0.5	0.80	0.25	0.40	10.32	13.57
0.76	0.85	0.59	1.00	0.5	1.00	0.25	0.40	10.45	13.79
0.72	0.88	0.65	1.00	0.5	0.40	0.25	0.40	10.64	13.67
0.72	0.88	0.65	1.00	0.5	0.60	0.25	0.40	10.72	14.11
0.72	0.88	0.65	1.00	0.5	0.80	0.25	0.40	10.55	13.80
0.72	0.88	0.65	1.00	0.5	1.00	0.25	0.40	10.68	14.21
0.70	0.91	0.71	1.00	0.5	0.40	0.25	0.40	11.45	13.20
0.70	0.91	0.71	1.00	0.5	0.60	0.25	0.40	11.46	13.54
0.70	0.91	0.71	1.00	0.5	0.80	0.25	0.40	11.32	13.32
0.70	0.91	0.71	1.00	0.5	1.00	0.25	0.40	11.49	13.51
0.67	0.94	0.76	1.00	0.5	0.40	0.25	0.40	11.45	14.86
0.67	0.94	0.76	1.00	0.5	0.60	0.25	0.40	11.42	14.75
0.67	0.94	0.76	1.00	0.5	0.80	0.25	0.40	11.33	15.00
0.67	0.94	0.76	1.00	0.5	1.00	0.25	0.40	11.43	14.74
0.65	0.97	0.82	1.00	0.5	0.40	0.25	0.40	15.41	19.23
0.65	0.97	0.82	1.00	0.5	0.60	0.25	0.40	15.18	19.34
0.65	0.97	0.82	1.00	0.5	0.80	0.25	0.40	15.34	19.32
0.65	0.97	0.82	1.00	0.5	1.00	0.25	0.40	15.19	19.30
0.63	1.00	0.88	1.00	0.5	0.40	0.25	0.40	12.88	14.37
0.63	1.00	0.88	1.00	0.5	0.60	0.25	0.40	13.00	14.57
0.63	1.00	0.88	1.00	0.5	0.80	0.25	0.40	12.97	14.27
0.63	1.00	0.88	1.00	0.5	1.00	0.25	0.40	13.04	14.24
1.00	0.64	0.71	0.50	1	0.40	0.25	0.60	24.28	25.68
1.00	0.64	0.71	0.50	1	0.60	0.25	0.60	24.40	26.02
1.00	0.64	0.71	0.50	1	0.80	0.25	0.60	24.11	25.84
1.00	0.64	0.71	0.50	1	1.00	0.25	0.60	24.35	26.14
0.92	0.70	0.76	0.56	1	0.40	0.25	0.60	28.07	34.14
0.92	0.70	0.76	0.56	1	0.60	0.25	0.60	29.01	32.85
0.92	0.70	0.76	0.56	1	0.80	0.25	0.60	29.62	30.08
0.92	0.70	0.76	0.56	1	1.00	0.25	0.60	29.05	29.67
0.88	0.73	0.71	0.67	1	0.40	0.25	0.60	25.41	31.73
0.88	0.73	0.71	0.67	1	0.60	0.25	0.60	26.47	31.01
0.88	0.73	0.71	0.67	1	0.80	0.25	0.60	26.89	25.90
0.88	0.73	0.71	0.67	1	1.00	0.25	0.60	26.46	27.40
0.84	0.76	0.76	0.67	1	0.40	0.25	0.60	22.93	28.68
0.84	0.76	0.76	0.67	1	0.60	0.25	0.60	23.84	27.54
0.84	0.76	0.76	0.67	1	0.80	0.25	0.60	24.17	25.35
0.84	0.76	0.76	0.67	1	1.00	0.25	0.60	23.87	24.93
0.81	0.79	0.82	0.67	1	0.40	0.25	0.60	35.78	43.12
0.81	0.79	0.82	0.67	1	0.60	0.25	0.60	35.48	41.22
0.81	0.79	0.82	0.67	1	0.80	0.25	0.60	36.97	35.10
0.81	0.79	0.82	0.67	1	1.00	0.25	0.60	36.70	34.29
0.78	0.82	1.00	0.56	1	0.40	0.25	0.60	32.52	33.85
0.78	0.82	1.00	0.56	1	0.60	0.25	0.60	33.28	34.11
0.78	0.82	1.00	0.56	1	0.80	0.25	0.60	32.33	34.48
0.78	0.82	1.00	0.56	1	1.00	0.25	0.60	33.24	34.50
0.76	0.85	0.59	1.00	0.5	0.40	0.25	0.60	10.39	13.60
0.76	0.85	0.59	1.00	0.5	0.60	0.25	0.60	10.34	13.36
0.76	0.85	0.59	1.00	0.5	0.80	0.25	0.60	10.35	13.65
0.76	0.85	0.59	1.00	0.5	1.00	0.25	0.60	10.38	13.49
0.72	0.88	0.65	1.00	0.5	0.40	0.25	0.60	10.77	14.14
0.72	0.88	0.65	1.00	0.5	0.60	0.25	0.60	10.68	13.77
0.72	0.88	0.65	1.00	0.5	0.80	0.25	0.60	10.68	14.30
0.72	0.88	0.65	1.00	0.5	1.00	0.25	0.60	10.70	13.87
0.70	0.91	0.71	1.00	0.5	0.40	0.25	0.60	11.22	14.44
0.70	0.91	0.71	1.00	0.5	0.60	0.25	0.60	11.16	14.27
0.70	0.91	0.71	1.00	0.5	0.80	0.25	0.60	11.10	14.67
0.70	0.91	0.71	1.00	0.5	1.00	0.25	0.60	11.14	14.40
0.67	0.94	0.76	1.00	0.5	0.40	0.25	0.60	11.59	13.46
0.67	0.94	0.76	1.00	0.5	0.60	0.25	0.60	11.60	13.70
0.67	0.94	0.76	1.00	0.5	0.80	0.25	0.60	11.53	13.59
0.67	0.94	0.76	1.00	0.5	1.00	0.25	0.60	11.61	13.83
0.65	0.97	0.82	1.00	0.5	0.40	0.25	0.60	15.16	19.14
0.65	0.97	0.82	1.00	0.5	0.60	0.25	0.60	15.36	19.18
0.65	0.97	0.82	1.00	0.5	0.80	0.25	0.60	15.12	19.37
0.65	0.97	0.82	1.00	0.5	1.00	0.25	0.60	15.36	19.29
0.63	1.00	0.88	1.00	0.5	0.40	0.25	0.60	12.68	14.09
0.63	1.00	0.88	1.00	0.5	0.60	0.25	0.60	12.63	14.23
0.63	1.00	0.88	1.00	0.5	0.80	0.25	0.60	12.71	14.14
0.63	1.00	0.88	1.00	0.5	1.00	0.25	0.60	12.73	13.89
1.00	0.64	0.71	0.50	1	0.40	0.25	0.80	24.38	25.91
1.00	0.64	0.71	0.50	1	0.60	0.25	0.80	24.23	25.72
1.00	0.64	0.71	0.50	1	0.80	0.25	0.80	24.04	26.18
1.00	0.64	0.71	0.50	1	1.00	0.25	0.80	24.32	25.87
0.92	0.70	0.76	0.56	1	0.40	0.25	0.80	29.06	29.34
0.92	0.70	0.76	0.56	1	0.60	0.25	0.80	28.05	33.91
0.92	0.70	0.76	0.56	1	0.80	0.25	0.80	28.86	32.83
0.92	0.70	0.76	0.56	1	1.00	0.25	0.80	29.79	29.92
0.88	0.73	0.71	0.67	1	0.40	0.25	0.80	26.44	27.17
0.88	0.73	0.71	0.67	1	0.60	0.25	0.80	25.37	31.76
0.88	0.73	0.71	0.67	1	0.80	0.25	0.80	26.33	31.06
0.88	0.73	0.71	0.67	1	1.00	0.25	0.80	27.03	25.81
0.84	0.76	0.76	0.67	1	0.40	0.25	0.80	23.80	24.61
0.84	0.76	0.76	0.67	1	0.60	0.25	0.80	22.80	28.61
0.84	0.76	0.76	0.67	1	0.80	0.25	0.80	23.59	27.57
0.84	0.76	0.76	0.67	1	1.00	0.25	0.80	24.24	25.16
0.81	0.79	0.82	0.67	1	0.40	0.25	0.80	36.86	34.25
0.81	0.79	0.82	0.67	1	0.60	0.25	0.80	35.89	43.30
0.81	0.79	0.82	0.67	1	0.80	0.25	0.80	35.45	41.86
0.81	0.79	0.82	0.67	1	1.00	0.25	0.80	37.10	35.29
0.78	0.82	1.00	0.56	1	0.40	0.25	0.80	33.08	34.11
0.78	0.82	1.00	0.56	1	0.60	0.25	0.80	32.38	33.62
0.78	0.82	1.00	0.56	1	0.80	0.25	0.80	33.09	33.89
0.78	0.82	1.00	0.56	1	1.00	0.25	0.80	32.31	34.05
0.76	0.85	0.59	1.00	0.5	0.40	0.25	0.80	10.08	13.20
0.76	0.85	0.59	1.00	0.5	0.60	0.25	0.80	10.15	13.36
0.76	0.85	0.59	1.00	0.5	0.80	0.25	0.80	10.07	13.21
0.76	0.85	0.59	1.00	0.5	1.00	0.25	0.80	10.14	13.53
0.72	0.88	0.65	1.00	0.5	0.40	0.25	0.80	10.66	13.67
0.72	0.88	0.65	1.00	0.5	0.60	0.25	0.80	10.68	14.12
0.72	0.88	0.65	1.00	0.5	0.80	0.25	0.80	10.53	13.79
0.72	0.88	0.65	1.00	0.5	1.00	0.25	0.80	10.72	14.20
0.70	0.91	0.71	1.00	0.5	0.40	0.25	0.80	11.18	14.29
0.70	0.91	0.71	1.00	0.5	0.60	0.25	0.80	11.22	14.49
0.70	0.91	0.71	1.00	0.5	0.80	0.25	0.80	11.07	14.42
0.70	0.91	0.71	1.00	0.5	1.00	0.25	0.80	11.20	14.73
0.67	0.94	0.76	1.00	0.5	0.40	0.25	0.80	11.44	14.86
0.67	0.94	0.76	1.00	0.5	0.60	0.25	0.80	11.42	14.67
0.67	0.94	0.76	1.00	0.5	0.80	0.25	0.80	11.33	15.00
0.67	0.94	0.76	1.00	0.5	1.00	0.25	0.80	11.43	14.83
0.65	0.97	0.82	1.00	0.5	0.40	0.25	0.80	15.40	19.24
0.65	0.97	0.82	1.00	0.5	0.60	0.25	0.80	15.19	19.25
0.65	0.97	0.82	1.00	0.5	0.80	0.25	0.80	15.32	19.42
0.65	0.97	0.82	1.00	0.5	1.00	0.25	0.80	15.16	19.48
0.63	1.00	0.88	1.00	0.5	0.40	0.25	0.80	12.85	14.37
0.63	1.00	0.88	1.00	0.5	0.60	0.25	0.80	13.04	14.34
0.63	1.00	0.88	1.00	0.5	0.80	0.25	0.80	13.00	14.28
0.63	1.00	0.88	1.00	0.5	1.00	0.25	0.80	13.00	14.47
1.00	0.64	0.71	0.50	1	0.40	0.25	1.00	24.35	25.64
1.00	0.64	0.71	0.50	1	0.60	0.25	1.00	24.33	25.98
1.00	0.64	0.71	0.50	1	0.80	0.25	1.00	24.03	25.88
1.00	0.64	0.71	0.50	1	1.00	0.25	1.00	24.26	26.18
0.92	0.70	0.76	0.56	1	0.40	0.25	1.00	29.83	29.82
0.92	0.70	0.76	0.56	1	0.60	0.25	1.00	29.08	29.52
0.92	0.70	0.76	0.56	1	0.80	0.25	1.00	28.03	34.45
0.92	0.70	0.76	0.56	1	1.00	0.25	1.00	29.02	33.01
0.88	0.73	0.71	0.67	1	0.40	0.25	1.00	27.03	25.82
0.88	0.73	0.71	0.67	1	0.60	0.25	1.00	26.45	27.33
0.88	0.73	0.71	0.67	1	0.80	0.25	1.00	25.36	32.04
0.88	0.73	0.71	0.67	1	1.00	0.25	1.00	26.45	31.28
0.84	0.76	0.76	0.67	1	0.40	0.25	1.00	24.37	25.11
0.84	0.76	0.76	0.67	1	0.60	0.25	1.00	23.89	24.77
0.84	0.76	0.76	0.67	1	0.80	0.25	1.00	22.89	28.88
0.84	0.76	0.76	0.67	1	1.00	0.25	1.00	23.86	27.69
0.81	0.79	0.82	0.67	1	0.40	0.25	1.00	37.03	34.99
0.81	0.79	0.82	0.67	1	0.60	0.25	1.00	36.71	34.18
0.81	0.79	0.82	0.67	1	0.80	0.25	1.00	36.77	43.14
0.81	0.79	0.82	0.67	1	1.00	0.25	1.00	35.48	41.26
0.78	0.82	1.00	0.56	1	0.40	0.25	1.00	32.31	34.25
0.78	0.82	1.00	0.56	1	0.60	0.25	1.00	33.21	34.35
0.78	0.82	1.00	0.56	1	0.80	0.25	1.00	32.46	33.64
0.78	0.82	1.00	0.56	1	1.00	0.25	1.00	33.27	33.88
0.76	0.85	0.59	1.00	0.5	0.40	0.25	1.00	10.47	13.65
0.76	0.85	0.59	1.00	0.5	0.60	0.25	1.00	10.37	13.44
0.76	0.85	0.59	1.00	0.5	0.80	0.25	1.00	10.34	13.72
0.76	0.85	0.59	1.00	0.5	1.00	0.25	1.00	10.39	13.50
0.72	0.88	0.65	1.00	0.5	0.40	0.25	1.00	10.78	14.18
0.72	0.88	0.65	1.00	0.5	0.60	0.25	1.00	10.70	13.75
0.72	0.88	0.65	1.00	0.5	0.80	0.25	1.00	10.67	14.26
0.72	0.88	0.65	1.00	0.5	1.00	0.25	1.00	13.69	13.89
0.70	0.91	0.71	1.00	0.5	0.40	0.25	1.00	11.21	14.55
0.70	0.91	0.71	1.00	0.5	0.60	0.25	1.00	11.14	14.28
0.70	0.91	0.71	1.00	0.5	0.80	0.25	1.00	11.11	14.46
0.70	0.91	0.71	1.00	0.5	1.00	0.25	1.00	11.16	14.39
0.67	0.94	0.76	1.00	0.5	0.40	0.25	1.00	11.38	14.54
0.67	0.94	0.76	1.00	0.5	0.60	0.25	1.00	11.34	14.81
0.67	0.94	0.76	1.00	0.5	0.80	0.25	1.00	11.22	14.65
0.67	0.94	0.76	1.00	0.5	1.00	0.25	1.00	11.34	14.87
0.65	0.97	0.82	1.00	0.5	0.40	0.25	1.00	15.16	19.24
0.65	0.97	0.82	1.00	0.5	0.60	0.25	1.00	15.37	19.18
0.65	0.97	0.82	1.00	0.5	0.80	0.25	1.00	15.12	19.26
0.65	0.97	0.82	1.00	0.5	1.00	0.25	1.00	15.36	19.29
0.63	1.00	0.88	1.00	0.5	0.40	0.25	1.00	12.59	14.24
0.63	1.00	0.88	1.00	0.5	0.60	0.25	1.00	12.74	13.97
0.63	1.00	0.88	1.00	0.5	0.80	0.25	1.00	12.80	13.99
0.63	1.00	0.88	1.00	0.5	1.00	0.25	1.00	12.62	14.15
1.00	0.64	0.71	0.50	1	0.40	0.63	0.20	28.15	29.79
1.00	0.64	0.71	0.50	1	0.60	0.63	0.20	28.15	29.79
1.00	0.64	0.71	0.50	1	0.80	0.63	0.20	28.37	29.28
1.00	0.64	0.71	0.50	1	1.00	0.63	0.20	28.41	29.49
0.92	0.70	0.76	0.56	1	0.40	0.63	0.20	32.68	36.12
0.92	0.70	0.76	0.56	1	0.60	0.63	0.20	33.48	33.17
0.92	0.70	0.76	0.56	1	0.80	0.63	0.20	32.84	32.71
0.92	0.70	0.76	0.56	1	1.00	0.63	0.20	32.00	37.58
0.88	0.73	0.71	0.67	1	0.40	0.63	0.20	29.54	33.98
0.88	0.73	0.71	0.67	1	0.60	0.63	0.20	30.05	28.61
0.88	0.73	0.71	0.67	1	0.80	0.63	0.20	29.60	30.12
0.88	0.73	0.71	0.67	1	1.00	0.63	0.20	28.66	34.73
0.84	0.76	0.76	0.67	1	0.40	0.63	0.20	26.84	30.17
0.84	0.76	0.76	0.67	1	0.60	0.63	0.20	27.27	27.84
0.84	0.76	0.76	0.67	1	0.80	0.63	0.20	26.97	27.25
0.84	0.76	0.76	0.67	1	1.00	0.63	0.20	26.19	31.39
0.81	0.79	0.82	0.67	1	0.40	0.63	0.20	38.67	43.80
0.81	0.79	0.82	0.67	1	0.60	0.63	0.20	40.03	37.81
0.81	0.79	0.82	0.67	1	0.80	0.63	0.20	39.86	36.85
0.81	0.79	0.82	0.67	1	1.00	0.63	0.20	39.04	45.52
0.78	0.82	1.00	0.56	1	0.40	0.63	0.20	36.96	36.85
0.78	0.82	1.00	0.56	1	0.60	0.63	0.20	36.13	37.58
0.78	0.82	1.00	0.56	1	0.80	0.63	0.20	36.91	37.45
0.78	0.82	1.00	0.56	1	1.00	0.63	0.20	36.43	36.62
0.76	0.85	0.59	1.00	0.5	0.40	0.63	0.20	12.43	15.19
0.76	0.85	0.59	1.00	0.5	0.60	0.63	0.20	12.50	15.50
0.76	0.85	0.59	1.00	0.5	0.80	0.63	0.20	12.41	15.28
0.76	0.85	0.59	1.00	0.5	1.00	0.63	0.20	12.45	15.50
0.72	0.88	0.65	1.00	0.5	0.40	0.63	0.20	12.57	15.42
0.72	0.88	0.65	1.00	0.5	0.60	0.63	0.20	12.65	15.85
0.72	0.88	0.65	1.00	0.5	0.80	0.63	0.20	12.57	15.44
0.72	0.88	0.65	1.00	0.5	1.00	0.63	0.20	12.63	15.81
0.70	0.91	0.71	1.00	0.5	0.40	0.63	0.20	12.78	15.21
0.70	0.91	0.71	1.00	0.5	0.60	0.63	0.20	12.93	15.63
0.70	0.91	0.71	1.00	0.5	0.80	0.63	0.20	12.73	15.48
0.70	0.91	0.71	1.00	0.5	1.00	0.63	0.20	12.72	15.78
0.67	0.94	0.76	1.00	0.5	0.40	0.63	0.20	13.17	16.39
0.67	0.94	0.76	1.00	0.5	0.60	0.63	0.20	13.18	16.27
0.67	0.94	0.76	1.00	0.5	0.80	0.63	0.20	13.17	16.39
0.67	0.94	0.76	1.00	0.5	1.00	0.63	0.20	13.18	16.19
0.65	0.97	0.82	1.00	0.5	0.40	0.63	0.20	17.50	21.13
0.65	0.97	0.82	1.00	0.5	0.60	0.63	0.20	17.35	21.19
0.65	0.97	0.82	1.00	0.5	0.80	0.63	0.20	17.52	21.09
0.65	0.97	0.82	1.00	0.5	1.00	0.63	0.20	17.37	21.08
0.63	1.00	0.88	1.00	0.5	0.40	0.63	0.20	15.09	15.77
0.63	1.00	0.88	1.00	0.5	0.60	0.63	0.20	15.12	15.95
0.63	1.00	0.88	1.00	0.5	0.80	0.63	0.20	15.08	15.77
0.63	1.00	0.88	1.00	0.5	1.00	0.63	0.20	15.16	15.76
1.00	0.64	0.71	0.50	1	0.40	0.63	0.40	28.67	29.62
1.00	0.64	0.71	0.50	1	0.60	0.63	0.40	28.57	29.69
1.00	0.64	0.71	0.50	1	0.80	0.63	0.40	28.18	30.18
1.00	0.64	0.71	0.50	1	1.00	0.63	0.40	28.60	30.02
0.92	0.70	0.76	0.56	1	0.40	0.63	0.40	32.46	35.56
0.92	0.70	0.76	0.56	1	0.60	0.63	0.40	33.27	32.64
0.92	0.70	0.76	0.56	1	0.80	0.63	0.40	32.33	32.77
0.92	0.70	0.76	0.56	1	1.00	0.63	0.40	31.66	37.72
0.88	0.73	0.71	0.67	1	0.40	0.63	0.40	29.34	33.37
0.88	0.73	0.71	0.67	1	0.60	0.63	0.40	29.87	27.89
0.88	0.73	0.71	0.67	1	0.80	0.63	0.40	29.27	29.90
0.88	0.73	0.71	0.67	1	1.00	0.63	0.40	28.40	34.52
0.84	0.76	0.76	0.67	1	0.40	0.63	0.40	25.74	28.27
0.84	0.76	0.76	0.67	1	0.60	0.63	0.40	25.98	26.96
0.84	0.76	0.76	0.67	1	0.80	0.63	0.40	25.38	26.72
0.84	0.76	0.76	0.67	1	1.00	0.63	0.40	24.94	29.88
0.81	0.79	0.82	0.67	1	0.40	0.63	0.40	38.57	43.86
0.81	0.79	0.82	0.67	1	0.60	0.63	0.40	40.19	37.41
0.81	0.79	0.82	0.67	1	0.80	0.63	0.40	39.97	36.77
0.81	0.79	0.82	0.67	1	1.00	0.63	0.40	38.98	45.97
0.78	0.82	1.00	0.56	1	0.40	0.63	0.40	36.95	36.87
0.78	0.82	1.00	0.56	1	0.60	0.63	0.40	36.28	37.35
0.78	0.82	1.00	0.56	1	0.80	0.63	0.40	36.86	37.28
0.78	0.82	1.00	0.56	1	1.00	0.63	0.40	36.45	36.81
0.76	0.85	0.59	1.00	0.5	0.40	0.63	0.40	12.35	14.73
0.76	0.85	0.59	1.00	0.5	0.60	0.63	0.40	12.45	15.10
0.76	0.85	0.59	1.00	0.5	0.80	0.63	0.40	12.16	15.18
0.76	0.85	0.59	1.00	0.5	1.00	0.63	0.40	12.30	15.44
0.72	0.88	0.65	1.00	0.5	0.40	0.63	0.40	12.33	14.91
0.72	0.88	0.65	1.00	0.5	0.60	0.63	0.40	12.29	15.40
0.72	0.88	0.65	1.00	0.5	0.80	0.63	0.40	12.20	14.94
0.72	0.88	0.65	1.00	0.5	1.00	0.63	0.40	12.49	15.32
0.70	0.91	0.71	1.00	0.5	0.40	0.63	0.40	12.85	15.52
0.70	0.91	0.71	1.00	0.5	0.60	0.63	0.40	12.87	15.85
0.70	0.91	0.71	1.00	0.5	0.80	0.63	0.40	12.73	15.66
0.70	0.91	0.71	1.00	0.5	1.00	0.63	0.40	12.95	15.99
0.67	0.94	0.76	1.00	0.5	0.40	0.63	0.40	13.05	15.89
0.67	0.94	0.76	1.00	0.5	0.60	0.63	0.40	12.93	15.85
0.67	0.94	0.76	1.00	0.5	0.80	0.63	0.40	12.77	16.22
0.67	0.94	0.76	1.00	0.5	1.00	0.63	0.40	13.00	15.87
0.65	0.97	0.82	1.00	0.5	0.40	0.63	0.40	17.14	20.47
0.65	0.97	0.82	1.00	0.5	0.60	0.63	0.40	16.84	20.56
0.65	0.97	0.82	1.00	0.5	0.80	0.63	0.40	17.02	20.48
0.65	0.97	0.82	1.00	0.5	1.00	0.63	0.40	17.11	20.43
0.63	1.00	0.88	1.00	0.5	0.40	0.63	0.40	14.34	15.32
0.63	1.00	0.88	1.00	0.5	0.60	0.63	0.40	14.66	15.64
0.63	1.00	0.88	1.00	0.5	0.80	0.63	0.40	14.60	15.14
0.63	1.00	0.88	1.00	0.5	1.00	0.63	0.40	14.60	15.30
1.00	0.64	0.71	0.50	1	0.40	0.63	0.60	28.67	29.43
1.00	0.64	0.71	0.50	1	0.60	0.63	0.60	28.56	29.78
1.00	0.64	0.71	0.50	1	0.80	0.63	0.60	28.17	30.10
1.00	0.64	0.71	0.50	1	1.00	0.63	0.60	28.63	30.19
0.92	0.70	0.76	0.56	1	0.40	0.63	0.60	31.63	36.35
0.92	0.70	0.76	0.56	1	0.60	0.63	0.60	32.40	35.10
0.92	0.70	0.76	0.56	1	0.80	0.63	0.60	32.68	32.83
0.92	0.70	0.76	0.56	1	1.00	0.63	0.60	32.29	32.46
0.88	0.73	0.71	0.67	1	0.40	0.63	0.60	28.40	33.52
0.88	0.73	0.71	0.67	1	0.60	0.63	0.60	29.40	32.93
0.88	0.73	0.71	0.67	1	0.80	0.63	0.60	29.43	28.38
0.88	0.73	0.71	0.67	1	1.00	0.63	0.60	29.07	29.82
0.84	0.76	0.76	0.67	1	0.40	0.63	0.60	24.70	28.77
0.84	0.76	0.76	0.67	1	0.60	0.63	0.60	25.48	27.76
0.84	0.76	0.76	0.67	1	0.80	0.63	0.60	25.37	26.95
0.84	0.76	0.76	0.67	1	1.00	0.63	0.60	25.17	26.41
0.81	0.79	0.82	0.67	1	0.40	0.63	0.60	39.04	45.13
0.81	0.79	0.82	0.67	1	0.60	0.63	0.60	38.35	43.66
0.81	0.79	0.82	0.67	1	0.80	0.63	0.60	39.81	37.76
0.81	0.79	0.82	0.67	1	1.00	0.63	0.60	39.83	36.87
0.78	0.82	1.00	0.56	1	0.40	0.63	0.60	35.99	36.07
0.78	0.82	1.00	0.56	1	0.60	0.63	0.60	36.59	36.44
0.78	0.82	1.00	0.56	1	0.80	0.63	0.60	35.64	37.28
0.78	0.82	1.00	0.56	1	1.00	0.63	0.60	36.52	37.29
0.76	0.85	0.59	1.00	0.5	0.40	0.63	0.60	11.80	14.49
0.76	0.85	0.59	1.00	0.5	0.60	0.63	0.60	12.03	13.79
0.76	0.85	0.59	1.00	0.5	0.80	0.63	0.60	11.98	14.72
0.76	0.85	0.59	1.00	0.5	1.00	0.63	0.60	11.69	14.76
0.72	0.88	0.65	1.00	0.5	0.40	0.63	0.60	12.41	14.92
0.72	0.88	0.65	1.00	0.5	0.60	0.63	0.60	12.28	14.74
0.72	0.88	0.65	1.00	0.5	0.80	0.63	0.60	12.10	15.57
0.72	0.88	0.65	1.00	0.5	1.00	0.63	0.60	12.19	14.94
0.70	0.91	0.71	1.00	0.5	0.40	0.63	0.60	12.34	14.92
0.70	0.91	0.71	1.00	0.5	0.60	0.63	0.60	12.46	14.38
0.70	0.91	0.71	1.00	0.5	0.80	0.63	0.60	12.31	15.44
0.70	0.91	0.71	1.00	0.5	1.00	0.63	0.60	12.12	15.17
0.67	0.94	0.76	1.00	0.5	0.40	0.63	0.60	12.97	15.53
0.67	0.94	0.76	1.00	0.5	0.60	0.63	0.60	13.01	15.80
0.67	0.94	0.76	1.00	0.5	0.80	0.63	0.60	12.74	16.14
0.67	0.94	0.76	1.00	0.5	1.00	0.63	0.60	12.84	16.26
0.65	0.97	0.82	1.00	0.5	0.40	0.63	0.60	16.83	19.87
0.65	0.97	0.82	1.00	0.5	0.60	0.63	0.60	16.93	20.03
0.65	0.97	0.82	1.00	0.5	0.80	0.63	0.60	16.66	20.46
0.65	0.97	0.82	1.00	0.5	1.00	0.63	0.60	16.86	20.28
0.63	1.00	0.88	1.00	0.5	0.40	0.63	0.60	13.91	14.89
0.63	1.00	0.88	1.00	0.5	0.60	0.63	0.60	14.34	14.96
0.63	1.00	0.88	1.00	0.5	0.80	0.63	0.60	13.95	14.89
0.63	1.00	0.88	1.00	0.5	1.00	0.63	0.60	13.99	14.35
1.00	0.64	0.71	0.50	1	0.40	0.63	0.80	28.70	29.61
1.00	0.64	0.71	0.50	1	0.60	0.63	0.80	28.55	29.59
1.00	0.64	0.71	0.50	1	0.80	0.63	0.80	28.15	30.19
1.00	0.64	0.71	0.50	1	1.00	0.63	0.80	28.62	30.12
0.92	0.70	0.76	0.56	1	0.40	0.63	0.80	32.67	32.12
0.92	0.70	0.76	0.56	1	0.60	0.63	0.80	31.69	37.12
0.92	0.70	0.76	0.56	1	0.80	0.63	0.80	32.07	36.16
0.92	0.70	0.76	0.56	1	1.00	0.63	0.80	33.28	33.16
0.88	0.73	0.71	0.67	1	0.40	0.63	0.80	29.47	29.45
0.88	0.73	0.71	0.67	1	0.60	0.63	0.80	28.42	34.19
0.88	0.73	0.71	0.67	1	0.80	0.63	0.80	29.08	33.93
0.88	0.73	0.71	0.67	1	1.00	0.63	0.80	29.88	28.31
0.84	0.76	0.76	0.67	1	0.40	0.63	0.80	25.66	26.30
0.84	0.76	0.76	0.67	1	0.60	0.63	0.80	24.96	29.43
0.84	0.76	0.76	0.67	1	0.80	0.63	0.80	25.43	28.76
0.84	0.76	0.76	0.67	1	1.00	0.63	0.80	26.00	27.34
0.81	0.79	0.82	0.67	1	0.40	0.63	0.80	40.00	36.26
0.81	0.79	0.82	0.67	1	0.60	0.63	0.80	38.84	45.48
0.81	0.79	0.82	0.67	1	0.80	0.63	0.80	38.33	44.16
0.81	0.79	0.82	0.67	1	1.00	0.63	0.80	40.12	37.26
0.78	0.82	1.00	0.56	1	0.40	0.63	0.80	36.95	37.20
0.78	0.82	1.00	0.56	1	0.60	0.63	0.80	36.45	36.76
0.78	0.82	1.00	0.56	1	0.80	0.63	0.80	36.81	37.05
0.78	0.82	1.00	0.56	1	1.00	0.63	0.80	36.26	37.51
0.76	0.85	0.59	1.00	0.5	0.40	0.63	0.80	12.32	14.92
0.76	0.85	0.59	1.00	0.5	0.60	0.63	0.80	12.30	15.24
0.76	0.85	0.59	1.00	0.5	0.80	0.63	0.80	12.18	15.03
0.76	0.85	0.59	1.00	0.5	1.00	0.63	0.80	12.43	15.35
0.72	0.88	0.65	1.00	0.5	0.40	0.63	0.80	12.36	14.67
0.72	0.88	0.65	1.00	0.5	0.60	0.63	0.80	12.49	15.09
0.72	0.88	0.65	1.00	0.5	0.80	0.63	0.80	12.17	15.20
0.72	0.88	0.65	1.00	0.5	1.00	0.63	0.80	12.28	15.64
0.70	0.91	0.71	1.00	0.5	0.40	0.63	0.80	12.91	15.37
0.70	0.91	0.71	1.00	0.5	0.60	0.63	0.80	12.95	15.73
0.70	0.91	0.71	1.00	0.5	0.80	0.63	0.80	12.67	15.83
0.70	0.91	0.71	1.00	0.5	1.00	0.63	0.80	12.86	16.13
0.67	0.94	0.76	1.00	0.5	0.40	0.63	0.80	12.95	15.95
0.67	0.94	0.76	1.00	0.5	0.60	0.63	0.80	13.00	15.59
0.67	0.94	0.76	1.00	0.5	0.80	0.63	0.80	12.86	16.17
0.67	0.94	0.76	1.00	0.5	1.00	0.63	0.80	12.92	16.14
0.65	0.97	0.82	1.00	0.5	0.40	0.63	0.80	16.99	19.65
0.65	0.97	0.82	1.00	0.5	0.60	0.63	0.80	16.69	19.76
0.65	0.97	0.82	1.00	0.5	0.80	0.63	0.80	16.56	20.37
0.65	0.97	0.82	1.00	0.5	1.00	0.63	0.80	16.62	19.90
0.63	1.00	0.88	1.00	0.5	0.40	0.63	0.80	14.33	15.41
0.63	1.00	0.88	1.00	0.5	0.60	0.63	0.80	14.61	15.56
0.63	1.00	0.88	1.00	0.5	0.80	0.63	0.80	14.61	15.07
0.63	1.00	0.88	1.00	0.5	1.00	0.63	0.80	14.65	15.38
1.00	0.64	0.71	0.50	1	0.40	0.63	1.00	28.69	29.53
1.00	0.64	0.71	0.50	1	0.60	0.63	1.00	28.58	29.77
1.00	0.64	0.71	0.50	1	0.80	0.63	1.00	28.15	30.00
1.00	0.64	0.71	0.50	1	1.00	0.63	1.00	28.61	30.20
0.92	0.70	0.76	0.56	1	0.40	0.63	1.00	33.13	32.25
0.92	0.70	0.76	0.56	1	0.60	0.63	1.00	32.31	32.00
0.92	0.70	0.76	0.56	1	0.80	0.63	1.00	31.53	37.19
0.92	0.70	0.76	0.56	1	1.00	0.63	1.00	32.46	35.62
0.88	0.73	0.71	0.67	1	0.40	0.63	1.00	29.71	28.02
0.88	0.73	0.71	0.67	1	0.60	0.63	1.00	29.09	29.43
0.88	0.73	0.71	0.67	1	0.80	0.63	1.00	28.31	34.15
0.88	0.73	0.71	0.67	1	1.00	0.63	1.00	29.39	33.47
0.84	0.76	0.76	0.67	1	0.40	0.63	1.00	25.70	26.53
0.84	0.76	0.76	0.67	1	0.60	0.63	1.00	25.17	26.08
0.84	0.76	0.76	0.67	1	0.80	0.63	1.00	24.60	29.31
0.84	0.76	0.76	0.67	1	1.00	0.63	1.00	25.49	28.14
0.81	0.79	0.82	0.67	1	0.40	0.63	1.00	39.89	37.54
0.81	0.79	0.82	0.67	1	0.60	0.63	1.00	39.83	36.66
0.81	0.79	0.82	0.67	1	0.80	0.63	1.00	39.01	45.28
0.81	0.79	0.82	0.67	1	1.00	0.63	1.00	38.65	43.73
0.78	0.82	1.00	0.56	1	0.40	0.63	1.00	35.69	36.93
0.78	0.82	1.00	0.56	1	0.60	0.63	1.00	36.64	37.01
0.78	0.82	1.00	0.56	1	0.80	0.63	1.00	36.06	35.73
0.78	0.82	1.00	0.56	1	1.00	0.63	1.00	36.70	36.15
0.76	0.85	0.59	1.00	0.5	0.40	0.63	1.00	12.12	14.48
0.76	0.85	0.59	1.00	0.5	0.60	0.63	1.00	11.67	14.58
0.76	0.85	0.59	1.00	0.5	0.80	0.63	1.00	11.64	14.81
0.76	0.85	0.59	1.00	0.5	1.00	0.63	1.00	12.02	14.03
0.72	0.88	0.65	1.00	0.5	0.40	0.63	1.00	12.27	15.27
0.72	0.88	0.65	1.00	0.5	0.60	0.63	1.00	12.19	14.71
0.72	0.88	0.65	1.00	0.5	0.80	0.63	1.00	12.25	15.23
0.72	0.88	0.65	1.00	0.5	1.00	0.63	1.00	12.27	14.97
0.70	0.91	0.71	1.00	0.5	0.40	0.63	1.00	12.47	15.14
0.70	0.91	0.71	1.00	0.5	0.60	0.63	1.00	12.12	14.97
0.70	0.91	0.71	1.00	0.5	0.80	0.63	1.00	12.18	15.22
0.70	0.91	0.71	1.00	0.5	1.00	0.63	1.00	12.47	14.60
0.67	0.94	0.76	1.00	0.5	0.40	0.63	1.00	12.93	15.83
0.67	0.94	0.76	1.00	0.5	0.60	0.63	1.00	12.82	16.03
0.67	0.94	0.76	1.00	0.5	0.80	0.63	1.00	12.78	15.80
0.67	0.94	0.76	1.00	0.5	1.00	0.63	1.00	13.02	16.06
0.65	0.97	0.82	1.00	0.5	0.40	0.63	1.00	16.73	20.13
0.65	0.97	0.82	1.00	0.5	0.60	0.63	1.00	16.86	20.01
0.65	0.97	0.82	1.00	0.5	0.80	0.63	1.00	16.76	20.19
0.65	0.97	0.82	1.00	0.5	1.00	0.63	1.00	16.92	20.29
0.63	1.00	0.88	1.00	0.5	0.40	0.63	1.00	13.68	15.19
0.63	1.00	0.88	1.00	0.5	0.60	0.63	1.00	13.99	14.61
0.63	1.00	0.88	1.00	0.5	0.80	0.63	1.00	14.16	14.61
0.63	1.00	0.88	1.00	0.5	1.00	0.63	1.00	13.86	14.75
1.00	0.64	0.71	0.50	1	0.40	1.00	0.20	32.26	33.37
1.00	0.64	0.71	0.50	1	0.60	1.00	0.20	32.26	33.34
1.00	0.64	0.71	0.50	1	0.80	1.00	0.20	32.49	32.83
1.00	0.64	0.71	0.50	1	1.00	1.00	0.20	32.53	33.04
0.92	0.70	0.76	0.56	1	0.40	1.00	0.20	36.47	39.28
0.92	0.70	0.76	0.56	1	0.60	1.00	0.20	37.24	36.38
0.92	0.70	0.76	0.56	1	0.80	1.00	0.20	36.66	35.92
0.92	0.70	0.76	0.56	1	1.00	1.00	0.20	35.96	40.99
0.88	0.73	0.71	0.67	1	0.40	1.00	0.20	31.89	35.99
0.88	0.73	0.71	0.67	1	0.60	1.00	0.20	32.39	30.66
0.88	0.73	0.71	0.67	1	0.80	1.00	0.20	32.09	31.70
0.88	0.73	0.71	0.67	1	1.00	1.00	0.20	31.29	36.73
0.84	0.76	0.76	0.67	1	0.40	1.00	0.20	29.22	31.71
0.84	0.76	0.76	0.67	1	0.60	1.00	0.20	29.91	29.13
0.84	0.76	0.76	0.67	1	0.80	1.00	0.20	29.53	28.99
0.84	0.76	0.76	0.67	1	1.00	1.00	0.20	28.65	33.54
0.81	0.79	0.82	0.67	1	0.40	1.00	0.20	41.40	45.29
0.81	0.79	0.82	0.67	1	0.60	1.00	0.20	42.62	39.07
0.81	0.79	0.82	0.67	1	0.80	1.00	0.20	42.50	38.35
0.81	0.79	0.82	0.67	1	1.00	1.00	0.20	41.67	46.94
0.78	0.82	1.00	0.56	1	0.40	1.00	0.20	40.78	39.55
0.78	0.82	1.00	0.56	1	0.60	1.00	0.20	39.97	40.85
0.78	0.82	1.00	0.56	1	0.80	1.00	0.20	40.71	40.63
0.78	0.82	1.00	0.56	1	1.00	1.00	0.20	40.43	39.48
0.76	0.85	0.59	1.00	0.5	0.40	1.00	0.20	14.52	16.94
0.76	0.85	0.59	1.00	0.5	0.60	1.00	0.20	14.61	17.25
0.76	0.85	0.59	1.00	0.5	0.80	1.00	0.20	14.50	17.03
0.76	0.85	0.59	1.00	0.5	1.00	1.00	0.20	14.55	17.25
0.72	0.88	0.65	1.00	0.5	0.40	1.00	0.20	14.51	17.10
0.72	0.88	0.65	1.00	0.5	0.60	1.00	0.20	14.60	17.51
0.72	0.88	0.65	1.00	0.5	0.80	1.00	0.20	14.50	17.12
0.72	0.88	0.65	1.00	0.5	1.00	1.00	0.20	14.58	17.47
0.70	0.91	0.71	1.00	0.5	0.40	1.00	0.20	14.51	16.50
0.70	0.91	0.71	1.00	0.5	0.60	1.00	0.20	14.70	17.00
0.70	0.91	0.71	1.00	0.5	0.80	1.00	0.20	14.42	16.87
0.70	0.91	0.71	1.00	0.5	1.00	1.00	0.20	14.42	17.20
0.67	0.94	0.76	1.00	0.5	0.40	1.00	0.20	15.23	18.14
0.67	0.94	0.76	1.00	0.5	0.60	1.00	0.20	15.23	18.03
0.67	0.94	0.76	1.00	0.5	0.80	1.00	0.20	15.23	18.14
0.67	0.94	0.76	1.00	0.5	1.00	1.00	0.20	15.23	17.95
0.65	0.97	0.82	1.00	0.5	0.40	1.00	0.20	19.52	22.72
0.65	0.97	0.82	1.00	0.5	0.60	1.00	0.20	19.36	22.73
0.65	0.97	0.82	1.00	0.5	0.80	1.00	0.20	19.48	22.72
0.65	0.97	0.82	1.00	0.5	1.00	1.00	0.20	19.42	22.53
0.63	1.00	0.88	1.00	0.5	0.40	1.00	0.20	15.09	17.20
0.63	1.00	0.88	1.00	0.5	0.60	1.00	0.20	17.17	17.21
0.63	1.00	0.88	1.00	0.5	0.80	1.00	0.20	17.14	17.15
0.63	1.00	0.88	1.00	0.5	1.00	1.00	0.20	17.14	17.20
1.00	0.64	0.71	0.50	1	0.40	1.00	0.40	32.82	32.96
1.00	0.64	0.71	0.50	1	0.60	1.00	0.40	32.71	33.13
1.00	0.64	0.71	0.50	1	0.80	1.00	0.40	32.24	33.94
1.00	0.64	0.71	0.50	1	1.00	1.00	0.40	32.72	33.78
0.92	0.70	0.76	0.56	1	0.40	1.00	0.40	35.84	38.35
0.92	0.70	0.76	0.56	1	0.60	1.00	0.40	36.57	35.39
0.92	0.70	0.76	0.56	1	0.80	1.00	0.40	36.06	34.94
0.92	0.70	0.76	0.56	1	1.00	1.00	0.40	35.69	40.66
0.88	0.73	0.71	0.67	1	0.40	1.00	0.40	32.48	35.48
0.88	0.73	0.71	0.67	1	0.60	1.00	0.40	32.74	30.53
0.88	0.73	0.71	0.67	1	0.80	1.00	0.40	32.13	32.28
0.88	0.73	0.71	0.67	1	1.00	1.00	0.40	31.64	36.86
0.84	0.76	0.76	0.67	1	0.40	1.00	0.40	28.95	30.34
0.84	0.76	0.76	0.67	1	0.60	1.00	0.40	29.49	27.93
0.84	0.76	0.76	0.67	1	0.80	1.00	0.40	28.64	28.95
0.84	0.76	0.76	0.67	1	1.00	1.00	0.40	28.01	32.92
0.81	0.79	0.82	0.67	1	0.40	1.00	0.40	41.64	45.59
0.81	0.79	0.82	0.67	1	0.60	1.00	0.40	43.10	39.41
0.81	0.79	0.82	0.67	1	0.80	1.00	0.40	42.74	38.84
0.81	0.79	0.82	0.67	1	1.00	1.00	0.40	41.92	48.03
0.78	0.82	1.00	0.56	1	0.40	1.00	0.40	40.78	39.48
0.78	0.82	1.00	0.56	1	0.60	1.00	0.40	40.15	40.40
0.78	0.82	1.00	0.56	1	0.80	1.00	0.40	40.57	40.47
0.78	0.82	1.00	0.56	1	1.00	1.00	0.40	40.42	39.70
0.76	0.85	0.59	1.00	0.5	0.40	1.00	0.40	14.54	16.43
0.76	0.85	0.59	1.00	0.5	0.60	1.00	0.40	14.45	16.93
0.76	0.85	0.59	1.00	0.5	0.80	1.00	0.40	14.18	16.99
0.76	0.85	0.59	1.00	0.5	1.00	1.00	0.40	14.50	17.03
0.72	0.88	0.65	1.00	0.5	0.40	1.00	0.40	14.70	16.77
0.72	0.88	0.65	1.00	0.5	0.60	1.00	0.40	14.66	17.37
0.72	0.88	0.65	1.00	0.5	0.80	1.00	0.40	14.40	17.27
0.72	0.88	0.65	1.00	0.5	1.00	1.00	0.40	14.71	17.51
0.70	0.91	0.71	1.00	0.5	0.40	1.00	0.40	14.75	16.44
0.70	0.91	0.71	1.00	0.5	0.60	1.00	0.40	14.71	17.01
0.70	0.91	0.71	1.00	0.5	0.80	1.00	0.40	14.33	17.23
0.70	0.91	0.71	1.00	0.5	1.00	1.00	0.40	14.62	17.22
0.67	0.94	0.76	1.00	0.5	0.40	1.00	0.40	15.34	17.85
0.67	0.94	0.76	1.00	0.5	0.60	1.00	0.40	15.29	17.89
0.67	0.94	0.76	1.00	0.5	0.80	1.00	0.40	15.09	18.36
0.67	0.94	0.76	1.00	0.5	1.00	1.00	0.40	15.30	18.15
0.65	0.97	0.82	1.00	0.5	0.40	1.00	0.40	19.20	21.72
0.65	0.97	0.82	1.00	0.5	0.60	1.00	0.40	18.88	22.07
0.65	0.97	0.82	1.00	0.5	0.80	1.00	0.40	18.90	22.09
0.65	0.97	0.82	1.00	0.5	1.00	1.00	0.40	19.12	21.93
0.63	1.00	0.88	1.00	0.5	0.40	1.00	0.40	16.76	17.36
0.63	1.00	0.88	1.00	0.5	0.60	1.00	0.40	17.23	17.38
0.63	1.00	0.88	1.00	0.5	0.80	1.00	0.40	17.26	16.86
0.63	1.00	0.88	1.00	0.5	1.00	1.00	0.40	17.15	16.99
1.00	0.64	0.71	0.50	1	0.40	1.00	0.60	32.82	32.78
1.00	0.64	0.71	0.50	1	0.60	1.00	0.60	32.69	33.24
1.00	0.64	0.71	0.50	1	0.80	1.00	0.60	32.23	33.86
1.00	0.64	0.71	0.50	1	1.00	1.00	0.60	32.75	34.00
0.92	0.70	0.76	0.56	1	0.40	1.00	0.60	34.24	37.26
0.92	0.70	0.76	0.56	1	0.60	1.00	0.60	34.95	35.04
0.92	0.70	0.76	0.56	1	0.80	1.00	0.60	35.05	33.82
0.92	0.70	0.76	0.56	1	1.00	1.00	0.60	34.29	33.31
0.88	0.73	0.71	0.67	1	0.40	1.00	0.60	31.28	35.22
0.88	0.73	0.71	0.67	1	0.60	1.00	0.60	32.12	34.70
0.88	0.73	0.71	0.67	1	0.80	1.00	0.60	32.05	30.11
0.88	0.73	0.71	0.67	1	1.00	1.00	0.60	31.84	31.60
0.84	0.76	0.76	0.67	1	0.40	1.00	0.60	28.67	32.43
0.84	0.76	0.76	0.67	1	0.60	1.00	0.60	29.67	30.65
0.84	0.76	0.76	0.67	1	0.80	1.00	0.60	29.47	29.77
0.84	0.76	0.76	0.67	1	1.00	1.00	0.60	28.91	29.64
0.81	0.79	0.82	0.67	1	0.40	1.00	0.60	41.26	46.44
0.81	0.79	0.82	0.67	1	0.60	1.00	0.60	41.30	44.18
0.81	0.79	0.82	0.67	1	0.80	1.00	0.60	42.49	38.81
0.81	0.79	0.82	0.67	1	1.00	1.00	0.60	42.08	38.23
0.78	0.82	1.00	0.56	1	0.40	1.00	0.60	39.32	38.17
0.78	0.82	1.00	0.56	1	0.60	1.00	0.60	39.84	38.48
0.78	0.82	1.00	0.56	1	0.80	1.00	0.60	38.89	39.66
0.78	0.82	1.00	0.56	1	1.00	1.00	0.60	39.68	40.10
0.76	0.85	0.59	1.00	0.5	0.40	1.00	0.60	13.97	16.08
0.76	0.85	0.59	1.00	0.5	0.60	1.00	0.60	14.22	15.39
0.76	0.85	0.59	1.00	0.5	0.80	1.00	0.60	14.10	16.57
0.76	0.85	0.59	1.00	0.5	1.00	1.00	0.60	13.78	16.60
0.72	0.88	0.65	1.00	0.5	0.40	1.00	0.60	14.07	16.11
0.72	0.88	0.65	1.00	0.5	0.60	1.00	0.60	14.03	15.47
0.72	0.88	0.65	1.00	0.5	0.80	1.00	0.60	13.94	16.70
0.72	0.88	0.65	1.00	0.5	1.00	1.00	0.60	13.86	16.10
0.70	0.91	0.71	1.00	0.5	0.40	1.00	0.60	14.32	16.35
0.70	0.91	0.71	1.00	0.5	0.60	1.00	0.60	14.56	15.84
0.70	0.91	0.71	1.00	0.5	0.80	1.00	0.60	14.33	16.99
0.70	0.91	0.71	1.00	0.5	1.00	1.00	0.60	14.08	17.02
0.67	0.94	0.76	1.00	0.5	0.40	1.00	0.60	15.16	17.04
0.67	0.94	0.76	1.00	0.5	0.60	1.00	0.60	15.18	17.63
0.67	0.94	0.76	1.00	0.5	0.80	1.00	0.60	14.72	18.10
0.67	0.94	0.76	1.00	0.5	1.00	1.00	0.60	14.90	18.22
0.65	0.97	0.82	1.00	0.5	0.40	1.00	0.60	18.48	20.78
0.65	0.97	0.82	1.00	0.5	0.60	1.00	0.60	18.71	20.72
0.65	0.97	0.82	1.00	0.5	0.80	1.00	0.60	18.48	21.54
0.65	0.97	0.82	1.00	0.5	1.00	1.00	0.60	18.46	21.53
0.63	1.00	0.88	1.00	0.5	0.40	1.00	0.60	16.47	16.90
0.63	1.00	0.88	1.00	0.5	0.60	1.00	0.60	16.35	17.14
0.63	1.00	0.88	1.00	0.5	0.80	1.00	0.60	16.55	16.56
0.63	1.00	0.88	1.00	0.5	1.00	1.00	0.60	16.74	16.00
1.00	0.64	0.71	0.50	1	0.40	1.00	0.80	32.85	32.95
1.00	0.64	0.71	0.50	1	0.60	1.00	0.80	32.67	33.06
1.00	0.64	0.71	0.50	1	0.80	1.00	0.80	32.21	33.95
1.00	0.64	0.71	0.50	1	1.00	1.00	0.80	32.74	33.88
0.92	0.70	0.76	0.56	1	0.40	1.00	0.80	36.45	33.98
0.92	0.70	0.76	0.56	1	0.60	1.00	0.80	35.73	39.92
0.92	0.70	0.76	0.56	1	0.80	1.00	0.80	35.40	39.22
0.92	0.70	0.76	0.56	1	1.00	1.00	0.80	36.57	36.10
0.88	0.73	0.71	0.67	1	0.40	1.00	0.80	32.38	31.53
0.88	0.73	0.71	0.67	1	0.60	1.00	0.80	31.66	36.20
0.88	0.73	0.71	0.67	1	0.80	1.00	0.80	32.15	36.21
0.88	0.73	0.71	0.67	1	1.00	1.00	0.80	32.75	31.00
0.84	0.76	0.76	0.67	1	0.40	1.00	0.80	28.93	28.20
0.84	0.76	0.76	0.67	1	0.60	1.00	0.80	28.05	32.35
0.84	0.76	0.76	0.67	1	0.80	1.00	0.80	28.64	31.14
0.84	0.76	0.76	0.67	1	1.00	1.00	0.80	29.52	28.43
0.81	0.79	0.82	0.67	1	0.40	1.00	0.80	42.77	38.33
0.81	0.79	0.82	0.67	1	0.60	1.00	0.80	41.73	47.59
0.81	0.79	0.82	0.67	1	0.80	1.00	0.80	41.32	46.23
0.81	0.79	0.82	0.67	1	1.00	1.00	0.80	42.96	39.56
0.78	0.82	1.00	0.56	1	0.40	1.00	0.80	40.68	40.36
0.78	0.82	1.00	0.56	1	0.60	1.00	0.80	40.40	39.67
0.78	0.82	1.00	0.56	1	0.80	1.00	0.80	40.60	39.85
0.78	0.82	1.00	0.56	1	1.00	1.00	0.80	40.11	40.77
0.76	0.85	0.59	1.00	0.5	0.40	1.00	0.80	14.37	16.61
0.76	0.85	0.59	1.00	0.5	0.60	1.00	0.80	14.48	16.74
0.76	0.85	0.59	1.00	0.5	0.80	1.00	0.80	14.32	16.90
0.76	0.85	0.59	1.00	0.5	1.00	1.00	0.80	14.44	17.32
0.72	0.88	0.65	1.00	0.5	0.40	1.00	0.80	14.60	16.85
0.72	0.88	0.65	1.00	0.5	0.60	1.00	0.80	14.70	17.20
0.72	0.88	0.65	1.00	0.5	0.80	1.00	0.80	14.47	17.23
0.72	0.88	0.65	1.00	0.5	1.00	1.00	0.80	14.66	17.74
0.70	0.91	0.71	1.00	0.5	0.40	1.00	0.80	14.54	16.81
0.70	0.91	0.71	1.00	0.5	0.60	1.00	0.80	14.62	16.88
0.70	0.91	0.71	1.00	0.5	0.80	1.00	0.80	14.53	16.90
0.70	0.91	0.71	1.00	0.5	1.00	1.00	0.80	14.71	17.39
0.67	0.94	0.76	1.00	0.5	0.40	1.00	0.80	15.34	17.86
0.67	0.94	0.76	1.00	0.5	0.60	1.00	0.80	15.29	17.82
0.67	0.94	0.76	1.00	0.5	0.80	1.00	0.80	15.09	18.36
0.67	0.94	0.76	1.00	0.5	1.00	1.00	0.80	15.30	18.24
0.65	0.97	0.82	1.00	0.5	0.40	1.00	0.80	19.06	21.68
0.65	0.97	0.82	1.00	0.5	0.60	1.00	0.80	19.13	21.54
0.65	0.97	0.82	1.00	0.5	0.80	1.00	0.80	19.00	22.25
0.65	0.97	0.82	1.00	0.5	1.00	1.00	0.80	18.84	22.49
0.63	1.00	0.88	1.00	0.5	0.40	1.00	0.80	16.44	17.10
0.63	1.00	0.88	1.00	0.5	0.60	1.00	0.80	16.90	16.79
0.63	1.00	0.88	1.00	0.5	0.80	1.00	0.80	16.94	16.58
0.63	1.00	0.88	1.00	0.5	1.00	1.00	0.80	16.77	16.79
1.00	0.64	0.71	0.50	1	0.40	1.00	1.00	32.84	32.88
1.00	0.64	0.71	0.50	1	0.60	1.00	1.00	32.72	33.23
1.00	0.64	0.71	0.50	1	0.80	1.00	1.00	32.21	33.76
1.00	0.64	0.71	0.50	1	1.00	1.00	1.00	32.73	34.01
0.92	0.70	0.76	0.56	1	0.40	1.00	1.00	35.67	33.94
0.92	0.70	0.76	0.56	1	0.60	1.00	1.00	35.01	33.14
0.92	0.70	0.76	0.56	1	0.80	1.00	1.00	34.72	38.79
0.92	0.70	0.76	0.56	1	1.00	1.00	1.00	35.24	37.27
0.88	0.73	0.71	0.67	1	0.40	1.00	1.00	32.31	29.69
0.88	0.73	0.71	0.67	1	0.60	1.00	1.00	31.81	31.20
0.88	0.73	0.71	0.67	1	0.80	1.00	1.00	31.12	36.26
0.88	0.73	0.71	0.67	1	1.00	1.00	1.00	32.06	35.71
0.84	0.76	0.76	0.67	1	0.40	1.00	1.00	30.00	29.93
0.84	0.76	0.76	0.67	1	0.60	1.00	1.00	29.50	29.56
0.84	0.76	0.76	0.67	1	0.80	1.00	1.00	29.06	33.84
0.84	0.76	0.76	0.67	1	1.00	1.00	1.00	29.92	32.54
0.81	0.79	0.82	0.67	1	0.40	1.00	1.00	42.11	38.56
0.81	0.79	0.82	0.67	1	0.60	1.00	1.00	41.96	37.70
0.81	0.79	0.82	0.67	1	0.80	1.00	1.00	41.09	47.01
0.81	0.79	0.82	0.67	1	1.00	1.00	1.00	40.79	44.87
0.78	0.82	1.00	0.56	1	0.40	1.00	1.00	38.82	39.37
0.78	0.82	1.00	0.56	1	0.60	1.00	1.00	39.72	39.80
0.78	0.82	1.00	0.56	1	0.80	1.00	1.00	39.31	37.79
0.78	0.82	1.00	0.56	1	1.00	1.00	1.00	39.86	38.18
0.76	0.85	0.59	1.00	0.5	0.40	1.00	1.00	14.41	16.69
0.76	0.85	0.59	1.00	0.5	0.60	1.00	1.00	14.19	16.62
0.76	0.85	0.59	1.00	0.5	0.80	1.00	1.00	14.17	16.94
0.76	0.85	0.59	1.00	0.5	1.00	1.00	1.00	14.39	16.70
0.72	0.88	0.65	1.00	0.5	0.40	1.00	1.00	12.43	15.59
0.72	0.88	0.65	1.00	0.5	0.60	1.00	1.00	12.63	14.58
0.72	0.88	0.65	1.00	0.5	0.80	1.00	1.00	12.76	15.33
0.72	0.88	0.65	1.00	0.5	1.00	1.00	1.00	12.42	15.31
0.70	0.91	0.71	1.00	0.5	0.40	1.00	1.00	14.12	16.63
0.70	0.91	0.71	1.00	0.5	0.60	1.00	1.00	14.28	15.87
0.70	0.91	0.71	1.00	0.5	0.80	1.00	1.00	14.37	16.54
0.70	0.91	0.71	1.00	0.5	1.00	1.00	1.00	14.21	16.74
0.67	0.94	0.76	1.00	0.5	0.40	1.00	1.00	14.96	17.64
0.67	0.94	0.76	1.00	0.5	0.60	1.00	1.00	14.92	17.79
0.67	0.94	0.76	1.00	0.5	0.80	1.00	1.00	14.92	17.55
0.67	0.94	0.76	1.00	0.5	1.00	1.00	1.00	15.16	18.06
0.65	0.97	0.82	1.00	0.5	0.40	1.00	1.00	17.69	20.82
0.65	0.97	0.82	1.00	0.5	0.60	1.00	1.00	18.19	20.21
0.65	0.97	0.82	1.00	0.5	0.80	1.00	1.00	18.16	20.71
0.65	0.97	0.82	1.00	0.5	1.00	1.00	1.00	17.88	21.40
0.63	1.00	0.88	1.00	0.5	0.40	1.00	1.00	16.54	16.88
0.63	1.00	0.88	1.00	0.5	0.60	1.00	1.00	16.44	17.11
0.63	1.00	0.88	1.00	0.5	0.80	1.00	1.00	16.48	16.61
0.63	1.00	0.88	1.00	0.5	1.00	1.00	1.00	16.64	16.03
